1 23837.883039355278 4151.9125990867615
2 8227.016751170158 2511.108140170574
3 4922.378265738487 1681.8874446749687
4 3069.482302427292 1177.3694951683283
5 1925.2123472690582 881.0313166975975
6 1261.218994140625 724.5101392269135
7 894.9219486713409 641.921338558197
8 685.6596055328846 598.0768697559834
9 564.9606948196888 573.307640761137
10 489.90638406574726 561.0056227147579
11 438.1713706701994 548.8349846899509
12 413.4968591853976 548.3869348168373
13 389.690767288208 552.0626665949821
14 375.1269800513983 560.8787324428558
15 361.86377093195915 555.2576848268509
16 370.5526383072138 563.608900308609
17 400.50493986159563 583.9200248122215
18 417.00200030207634 612.994758605957
19 382.8169341906905 610.5630643963814
20 339.49434787780046 589.3366643190384
21 310.2894951105118 594.079471051693
22 296.7310497611761 597.4133466482162
23 293.6777488514781 581.6863692104816
24 296.62031507492065 612.7211686968803
25 311.0727991461754 612.1756827831268
26 311.4596225619316 589.1414139270782
27 316.5472790002823 557.3366996645927
28 317.10867042839527 587.4934802949429
29 306.84565837681293 593.8444169163704
30 297.18514051288366 615.373234629631
31 297.1879488378763 608.0677480995655
32 295.81988203525543 589.5323950350285
33 296.30127603560686 578.1980781257153
34 287.971235409379 544.0295984148979
35 274.0003378391266 552.0359047651291
36 255.9502897709608 553.8539615273476
37 243.20429065078497 564.232750415802
38 243.22111151367426 552.7766018509865
39 236.01237179897726 553.0045711696148
40 237.71464281529188 553.3786096572876
41 235.17456090077758 568.1934418082237
42 238.32278582453728 570.9416700005531
43 236.33828730881214 576.544568926096
44 235.95376293361187 556.7200928926468
45 224.47198970615864 577.4702444076538
46 224.60951053723693 570.2882081866264
47 220.84042597189546 571.5609194040298
48 218.6147576570511 562.4035107493401
49 217.1622039526701 561.7938205599785
50 214.52991019189358 584.3902715444565
51 205.54338332265615 581.5040153861046
52 206.10284291952848 578.4477638602257
53 203.3351500481367 585.3620530962944
54 205.80409335531294 571.1892673373222
55 197.53948067128658 570.9789718985558
56 204.1683645620942 565.5384534597397
57 199.4383805692196 551.1438734531403
58 197.40717604383826 560.6206595301628
59 198.48993017151952 559.7822679877281
60 193.15258926153183 565.8145617246628
61 331.066023260355 571.7859213650227
62 300.5792528092861 553.7331415712833
63 253.6706137508154 591.9688540697098
64 240.1143705546856 565.7290572226048
65 230.10522286593914 581.8885029256344
66 230.97891715168953 580.4785425364971
67 227.471592977643 570.026529610157
68 223.7797650396824 569.5295699834824
69 222.4687249660492 583.6175049543381
70 214.17752400785685 568.3511780500412
71 214.46633210033178 567.2278228700161
72 208.04086585342884 556.4933084249496
73 205.9969874471426 566.4141421318054
74 208.29853826388717 555.3661153614521
75 214.21503511071205 559.0610951185226
76 218.14497628808022 569.0912127792835
77 213.80399801582098 561.6060033738613
78 211.13751325011253 560.2496127486229
79 203.24168796092272 566.2104375362396
80 209.09332793951035 559.2510979771614
81 205.46606492996216 553.7044730186462
82 199.61106184124947 565.4374618530273
83 195.3596053570509 560.0338538885117
84 201.6492077820003 560.8478053510189
85 195.25157588720322 551.5813016295433
86 186.9037022292614 560.4079837799072
87 181.95776994526386 552.4839558601379
88 188.80126422457397 553.5696502029896
89 190.8378623202443 556.1268265247345
90 195.5166632346809 553.2074893116951
91 184.39899315312505 544.0731449723244
92 182.1036289446056 547.8592481911182
93 178.79993668571115 545.4450750350952
94 174.3995197126642 541.7469795048237
95 172.5192748364061 545.4266486763954
96 174.4116123020649 546.1253949701786
97 173.06190343946218 559.1733888089657
98 172.51346141844988 546.8118275403976
99 177.17988896369934 536.9521391987801
100 184.4440365806222 551.8295867443085
101 182.7390959560871 549.6820179224014
102 173.87989747524261 554.4254316091537
103 163.34670244157314 557.9471618235111
104 162.36283111572266 558.5213257372379
105 158.85669948160648 555.8037067651749
106 160.90283524990082 565.9396716654301
107 153.88807091861963 555.8127418756485
108 153.76432044059038 575.3939931690693
109 149.60459677688777 565.0738880336285
110 161.45916786044836 578.8191120624542
111 162.78973030298948 573.5850129723549
112 158.80125027894974 572.438299536705
113 150.72647776454687 585.1094604730606
114 155.5942757241428 574.3764115869999
115 151.6207032762468 562.3942232131958
116 148.54506468772888 557.7637583315372
117 149.5609466060996 542.7937632203102
118 139.52950508147478 558.6953924298286
119 143.04211313091218 546.2833614349365
120 144.4495058245957 556.8984785974026
121 148.65795858949423 569.3895940482616
122 148.24196084961295 546.8682953119278
123 130.72306196391582 557.829983741045
124 137.05480975937098 551.9109331667423
125 141.42238692566752 553.296195268631
126 141.09767874330282 552.3037099838257
127 137.16975020617247 554.597465634346
128 138.60244491696358 553.3524743318558
129 136.456776894629 560.0729322433472
130 134.2457873467356 572.3588203787804
131 134.7217501923442 559.0817525684834
132 127.80226690322161 566.6353542208672
133 126.36366146616638 563.8527899980545
134 137.8137658946216 563.9213093221188
135 127.49147751927376 553.7277169823647
136 135.6866156756878 574.2500842213631
137 131.61371582746506 571.2194532752037
138 130.12090706825256 569.601273804903
139 123.19857795443386 557.8188089132309
140 118.47218631953001 566.7848599851131
141 124.40424626134336 574.0023865997791
142 126.39987373072654 560.9060421288013
143 128.02216350100935 581.258612960577
144 127.18244100362062 562.1317052841187
145 127.53478887304664 561.6886019706726
146 121.12380480766296 560.636758774519
147 128.6216425159946 559.463369935751
148 118.739675745368 550.8940867781639
149 120.10235431045294 545.3123840093613
150 116.64366664364934 544.6721592545509
151 113.68800560571253 565.2936790585518
152 117.19984979741275 565.6182193756104
153 113.2942891009152 551.6738117933273
154 114.32451590523124 566.0357931256294
155 117.22694061324 564.9910200238228
156 113.1819463558495 558.2658372223377
157 103.59405385889113 573.1330116093159
158 106.81101050879806 576.480444252491
159 108.33786720596254 559.4190084040165
160 104.28025316633284 568.290869474411
161 105.10957431793213 560.8423568606377
162 100.23616276495159 565.976978033781
163 101.19484339654446 573.1128810048103
164 103.14985735528171 572.7633918821812
165 102.9204987809062 572.6069514751434
166 103.75698836892843 549.0117404460907
167 107.75002694129944 566.6405179202557
168 109.11108724214137 554.8821566700935
169 100.65446531027555 575.2893857955933
170 101.99175811931491 560.9054360985756
171 104.39395152777433 571.0397700965405
172 96.28286837413907 575.1632681787014
173 94.43420339375734 571.5628793239594
174 90.94514426961541 582.758190125227
175 95.0514912251383 586.6030284464359
176 96.62070274725556 595.9573951363564
177 96.02494991756976 592.1621485948563
178 96.2156527005136 575.8943939208984
179 100.72144351527095 584.3072278499603
180 101.25054975226521 578.7982244491577
181 101.86417177505791 585.11666482687
182 100.05627796426415 585.7804725766182
183 96.48000146076083 585.43491345644
184 93.61737072002143 591.9612381756306
185 87.34590943530202 567.3434453010559
186 85.14007329940796 564.0220272243023
187 92.99940713495016 565.1692559123039
188 84.63948028534651 566.7314398884773
189 87.42334916070104 560.0483463704586
190 92.47483468800783 569.1101462841034
191 87.5658569606021 556.4666316211224
192 91.98749716859311 557.1515941619873
193 91.68146330676973 565.2321435213089
194 96.04629492387176 561.8557161688805
195 88.32635236158967 554.2738671302795
196 83.16951082088053 565.3212260007858
197 84.08165586739779 558.5117009878159
198 87.0045877341181 552.4769062995911
199 82.87444919813424 547.9348125755787
200 88.15419163834304 555.8308482170105
201 190.4192861020565 566.4633015990257
202 175.13440035283566 559.3596566319466
203 169.77148455381393 544.3272260725498
204 160.6716514080763 538.9007135331631
205 161.17694695293903 538.1953960955143
206 167.31528389453888 536.859503775835
207 153.08909791707993 548.2879258096218
208 157.00705789029598 552.4975714087486
209 159.828790679574 548.4881510734558
210 155.88320611417294 539.9168608188629
211 160.43829348683357 539.5225257277489
212 155.3713242560625 541.6240247189999
213 150.73481738567352 546.0196778774261
214 129.8369097309187 528.5593573749065
215 96.78061852045357 527.435915440321
216 84.2919843941927 526.8194416761398
217 76.42456524865702 526.9915882349014
218 70.70835155900568 526.9062600135803
219 66.3696129526943 527.2571496963501
220 62.777154942043126 527.6696383357048
221 59.55582801671699 527.8891383707523
222 56.778119411785156 527.9680795371532
223 53.99981830548495 527.0810504853725
224 51.49079323466867 526.9938504695892
225 49.30888055311516 527.243394613266
226 47.399346020421945 527.506525605917
227 97.45553227886558 536.285707294941
228 92.70140354335308 536.6868366599083
229 83.8616466652602 533.7557809650898
230 78.2483266890049 532.7276459038258
231 75.49880605563521 537.9300081729889
232 73.06155218183994 536.9730421304703
233 67.67411600332707 536.5189353525639
234 66.83480242919177 528.2774265110493
235 65.79859930183738 534.6845438033342
236 64.90429959492758 531.9927840232849
237 67.955525547266 532.2020198106766
238 69.63272495009005 536.764282554388
239 66.27235077694058 531.8653158545494
240 66.62528926413506 539.0653560161591
241 64.4928751476109 537.9289274215698
242 73.78725316002965 527.8172209262848
243 72.7213928066194 528.1380525827408
244 71.75597659870982 528.2158697247505
245 70.8083124384284 528.298304527998
246 73.74611752759665 526.9805816113949
247 73.5795681187883 527.1370730400085
248 73.42003610171378 527.2804145216942
249 73.26498526893556 527.4086126685143
250 73.11238462664187 527.5214061141014
251 72.96099343989044 527.619113266468
252 72.81026665773243 527.7028571367264
253 72.66007200349122 527.7742926478386
254 72.51056943461299 527.8349212110043
