1 34506.71201992035 4525.046880722046
2 7158.3178898096085 1859.8574595451355
3 3397.0828194618225 1188.5209312438965
4 2195.391426086426 908.8794174194336
5 1621.0996233224869 783.0321073532104
6 1329.2005569934845 722.5547239780426
7 1170.7618703842163 692.0974960327148
8 1071.9346272945404 678.6091945171356
9 1000.1462107896805 673.9997146129608
10 939.3443644046783 677.0238571166992
11 886.0201184749603 678.9826316833496
12 836.6296769976616 684.0278608798981
13 791.9444724023342 689.1565418243408
14 748.3721722364426 696.6137659549713
15 709.3829185068607 701.3271219730377
16 670.3181899189949 706.4402813911438
17 634.5142641663551 714.4680399894714
18 603.3513476848602 719.584371805191
19 572.4987577199936 716.1705846786499
20 545.3185094296932 721.6976473331451
21 519.9369294345379 730.8806326389313
22 490.15365728735924 731.3517735004425
23 468.4820415377617 733.3508291244507
24 445.9525551646948 738.4632065296173
25 426.6885236054659 742.7094042301178
26 405.5521952062845 752.3433322906494
27 392.67029421031475 756.1072969436646
28 378.3329350948334 757.3817870616913
29 371.879841953516 774.6939949989319
30 366.11324658989906 787.0938532352448
31 364.5882279127836 811.9118115901947
32 366.1589690744877 822.8057656288147
33 358.8740406781435 818.5673005580902
34 341.5761490613222 822.0623824596405
35 326.26318457722664 828.0188467502594
36 316.1110430955887 824.1243228912354
37 303.47401739656925 835.4770503044128
38 289.06068797409534 839.2498197555542
39 281.0536507666111 853.1235828399658
40 274.30320969223976 847.1317622661591
41 270.5810421258211 849.7004661560059
42 263.964380659163 856.1163966655731
43 261.3322687149048 842.2919039726257
44 265.5262116789818 834.9617314338684
45 269.9987957626581 837.6214554309845
46 271.2689341902733 840.5718441009521
47 279.8841125704348 841.9148483276367
48 284.4866798259318 834.9272589683533
49 266.11769052781165 829.8100273609161
50 250.62898850254714 826.9903984069824
51 229.79785151779652 812.252293586731
52 212.8374178148806 811.4213714599609
53 197.00926446542144 806.0786890983582
54 184.89816650003195 803.2640459537506
55 173.4998515546322 806.1721749305725
56 167.64317122101784 801.2427403926849
57 162.12017341703176 802.5482785701752
58 160.1461243107915 802.9867384433746
59 159.27293488383293 809.1365628242493
60 155.03084382414818 814.1578726768494
61 161.5115992575884 820.6686632633209
62 171.47899693250656 809.6942248344421
63 193.14534629881382 819.4355645179749
64 211.74337342381477 832.6134603023529
65 225.68267333507538 853.2969126701355
66 223.78311984613538 840.2054190635681
67 219.50037234276533 828.1810781955719
68 199.69513990730047 824.1643967628479
69 180.50970435887575 809.0515789985657
70 160.72996315732598 806.8772876262665
71 143.01452512294054 807.4430105686188
72 129.2962629161775 813.4574193954468
73 125.5488669462502 813.633786201477
74 116.74893557280302 813.7578227519989
75 112.08691964112222 811.7609302997589
76 106.59284142404795 822.3452384471893
77 104.63216694071889 825.4049270153046
78 103.75956757366657 842.263026714325
79 101.84693387895823 840.7238645553589
80 101.55120614916086 836.288524389267
81 100.45588045939803 833.859842300415
82 107.69939167611301 834.2227749824524
83 109.0482592266053 848.8321809768677
84 116.9655897244811 838.7172510623932
85 125.29684868454933 838.4838871955872
86 141.6140745114535 831.9726107120514
87 164.13692720234394 835.1154637336731
88 184.23116721957922 836.0363042354584
89 193.9758650958538 851.3577234745026
90 192.24944395571947 859.2176752090454
91 184.3295368477702 861.7057013511658
92 170.8583440631628 870.8668479919434
93 156.4869615212083 859.6724097728729
94 137.07054836675525 843.7765085697174
95 122.43218924105167 829.8893055915833
96 110.5876325238496 830.00963139534
97 100.74518118053675 826.9000387191772
98 91.49765209108591 825.1108245849609
99 88.49627921916544 822.1968100070953
100 87.93358363583684 822.9046726226807
101 85.31885991618037 827.0629754066467
102 80.17654741927981 829.4374413490295
103 80.44203588739038 831.915543794632
104 82.09134896658361 829.4333710670471
105 77.3218206167221 850.6510252952576
106 81.63725094869733 846.5301330089569
107 81.07966065779328 851.3080880641937
108 80.28981698304415 860.8430933952332
109 79.71233233902603 857.66468501091
110 81.04533622786403 848.6970438957214
111 82.93957161903381 854.9676511287689
112 90.36067554354668 847.6084504127502
113 91.17266227677464 856.1602675914764
114 97.25900276005268 850.641263961792
115 100.71144871413708 852.0295798778534
116 106.28615015000105 855.591198682785
117 112.36263625323772 857.3571393489838
118 119.98530505597591 871.044671535492
119 120.75697061419487 885.6005501747131
120 122.57020016014576 890.8075735569
121 118.5627641826868 889.4981052875519
122 116.29342171549797 876.4671065807343
123 107.50627800822258 862.6375713348389
124 98.29225119575858 854.7911729812622
125 88.52731603384018 846.0492255687714
126 81.87017511669546 834.302362203598
127 75.92937380634248 822.0555746555328
128 71.44658765941858 814.378068447113
129 69.45578987989575 816.8619964122772
130 67.05269911512733 812.9034247398376
131 65.20229762047529 812.4309422969818
132 66.89733004570007 812.0728404521942
133 68.02615776844323 813.5569214820862
134 66.10460563655943 813.9674563407898
135 66.77879679854959 802.7730047702789
136 67.62064997851849 808.0321824550629
137 70.1421731133014 805.8836398124695
138 72.12237233482301 819.5231199264526
139 71.3511910289526 816.9283769130707
140 74.62451126612723 809.5045866966248
141 76.58781716227531 816.6382570266724
142 76.51295794546604 830.4486436843872
143 76.16803177446127 827.2921049594879
144 79.41015685349703 820.0552017688751
145 82.59752790257335 822.5925800800323
146 84.8500601425767 815.0676398277283
147 83.31696740537882 815.8745892047882
148 79.74749235063791 820.7160477638245
149 78.9282508045435 839.2658905982971
150 79.84265331923962 846.6628985404968
151 78.4885138347745 857.8182876110077
152 72.96149279177189 876.0491862297058
153 67.52133290842175 882.0596611499786
154 65.83243717625737 891.8937487602234
155 63.668480202555656 891.8999364376068
156 60.49972080439329 895.7992150783539
157 57.98557236418128 893.505651473999
158 56.91618160530925 886.8995878696442
159 57.45353298448026 892.7723383903503
160 57.79043926298618 884.7528648376465
161 55.98488989286125 890.0311074256897
162 57.69414212554693 879.970860004425
163 57.60699425265193 888.7052800655365
164 57.09903472661972 886.9836292266846
165 56.312554413452744 890.098867893219
166 57.76153811067343 875.1174359321594
167 58.649082981050014 874.240389585495
168 59.734255351126194 867.4664394855499
169 60.78531597182155 863.2051205635071
170 60.61206950619817 856.1868479251862
171 59.52153565734625 853.493097782135
172 59.31533110141754 845.218405008316
173 57.429238691926 842.5797898769379
174 58.24140028655529 842.1832056045532
175 58.94244787842035 839.3513398170471
176 56.74508968926966 836.5589208602905
177 57.40089005231857 831.984296798706
178 54.19137717643753 837.938271522522
179 52.818163990974426 829.6452202796936
180 51.676754840649664 840.15527510643
181 48.564397264271975 841.6095740795135
182 48.16334314271808 844.0914189815521
183 46.793555497191846 839.1203880310059
184 45.467685889452696 837.6071720123291
185 44.482249008491635 827.9695882797241
186 44.966161673888564 829.1114480495453
187 45.560859102755785 819.0584900379181
188 65.25280612334609 793.0353956222534
189 47.26764468476176 792.7271604537964
190 41.32057579793036 792.2397856712341
191 37.31616231240332 791.685845375061
192 34.30051337182522 791.237988948822
193 31.81552999932319 790.8639307022095
194 29.696128332987428 790.5821611881256
195 27.838311322964728 790.3422617912292
196 26.18601777497679 790.0970797538757
197 24.700547160580754 789.8544082641602
198 23.356831938959658 789.6343185901642
199 22.129025293979794 789.42285323143
200 20.99654246121645 789.2160749435425
201 19.961727506946772 789.0444846153259
202 19.004965611267835 788.8955237865448
203 18.117821252904832 788.7633745670319
204 17.292838735040277 788.6411061286926
205 16.528024182654917 788.5229609012604
206 15.820220350287855 788.4103646278381
207 15.16146322665736 788.3033413887024
208 14.544539952650666 788.2117474079132
209 13.9648336651735 788.158477306366
210 13.424718857277185 788.1377928256989
211 12.920527147129178 788.1338906288147
212 12.44750349293463 788.101687669754
213 12.003931664396077 788.1251039505005
214 11.586993139702827 788.1806988716125
215 11.193326413515024 788.1298086643219
216 10.825789309456013 788.1898679733276
217 10.475086687831208 788.1532673835754
218 10.14889810711611 788.2445938587189
219 9.84419102256652 788.2887904644012
220 9.563352593919262 788.1792943477631
221 9.297129800659604 788.3634021282196
222 9.049415143730585 788.2965912818909
223 8.818878279824276 788.5110094547272
224 8.60170108982129 788.5272257328033
225 8.402813261025585 788.5978932380676
226 8.2064019292593 788.8893945217133
227 8.032028718327638 788.663595199585
228 7.850544289511163 789.2172348499298
229 7.701545424526557 789.0428576469421
230 7.5436910288990475 789.8079986572266
231 7.406201530568069 789.171982049942
232 7.265394499874674 789.6447823047638
233 7.1503881274256855 789.5889031887054
234 7.025712749542436 789.7446458339691
235 6.916203543834854 789.905323266983
236 6.818939395336201 789.585526227951
237 6.718307196395472 790.1817450523376
238 6.636292735522147 789.4283444881439
239 6.547903741215123 790.4631519317627
240 6.458028809225652 789.6676459312439
241 6.363807273970451 790.0421350002289
242 6.267209916812135 790.6149251461029
243 6.175284261611523 789.971693277359
244 6.116430759255309 790.5624489784241
245 6.055100492434576 789.7485024929047
246 6.00757168099517 790.5707545280457
247 5.9194131451658905 789.7744870185852
248 5.866846269287635 790.5308926105499
249 5.816154498803371 789.5452160835266
250 5.759557463490637 790.5562717914581
251 5.711042076116428 790.5001559257507
252 5.677753882657271 789.7308564186096
253 5.634354418732983 790.5311975479126
254 5.575799491052749 790.5155055522919
255 5.521422931145935 790.1426012516022
256 5.477562173895421 790.1174597740173
257 5.464013912089285 790.3121898174286
258 5.423802486475324 789.9152960777283
259 5.395779779319128 791.0059232711792
260 5.314170624333201 789.8454253673553
261 5.273407409986248 791.0610225200653
262 5.205002523929579 789.9234399795532
263 5.170281763203093 790.9573307037354
264 5.131550235382747 789.5991897583008
265 5.105501457175706 790.9593489170074
266 5.048487196472706 789.5722162723541
267 5.0108730748761445 790.7784433364868
268 4.965128395007923 789.3371229171753
269 4.958374888781691 790.7896909713745
270 4.923993426382367 789.020266532898
271 4.897905506368261 790.4961113929749
272 4.841243158294674 789.5715663433075
273 4.811287167161936 790.1696472167969
274 4.775030061951838 790.0136995315552
275 4.73920533429191 790.3918099403381
276 4.7204194299993105 791.4297533035278
277 4.677826036699116 791.5363116264343
278 4.652098668448161 792.795567035675
279 4.616543470096076 793.459808588028
280 4.617752078134799 793.6439328193665
281 4.612858599546598 793.1859073638916
282 4.5995975806145 793.0819311141968
283 4.591056344812387 791.6614785194397
284 4.592772341158707 791.8278353214264
285 4.586273014254402 791.1464321613312
286 4.597919394087512 790.696417093277
287 4.599676575919148 790.486513376236
288 4.627805634459946 790.2812387943268
289 4.641872448992217 790.4480562210083
290 4.66684398194775 790.0558454990387
291 4.683256229851395 790.3176853656769
292 4.701994997099973 790.3708939552307
293 4.690447487606434 790.7278270721436
294 4.681495979806641 791.1969418525696
295 4.663827439886518 791.6407704353333
296 4.641293612454319 792.527862071991
297 4.601115536032012 793.5437290668488
298 4.5764243741868995 795.1947870254517
299 4.528458600747399 796.2383322715759
300 4.484691538964398 798.0019114017487
301 4.428725165140349 798.6938562393188
302 4.373063048988115 799.5915417671204
303 4.318816254031844 799.7848720550537
304 4.268819662975147 799.9378452301025
305 4.2365672659361735 799.5845348834991
306 4.197681254969211 799.2077720165253
307 4.1826269193552434 798.6357278823853
308 4.17810026727966 798.0820314884186
309 4.162148415809497 796.687774181366
310 4.151490077114431 795.8472969532013
311 4.1460554041550495 794.5585782527924
312 4.131141716687125 793.6391410827637
313 4.13161049716291 792.6852641105652
314 4.121155665023252 791.7502150535583
315 4.110084762971383 791.6285769939423
316 4.106675285380334 790.7465262413025
317 4.102910850866465 791.2953412532806
318 4.105505672458094 790.6382377147675
319 4.120652531797532 791.4716055393219
320 4.135869032354094 791.6283760070801
321 4.157476759923156 792.1338608264923
322 4.187939283787273 792.6580607891083
323 4.219264539889991 793.1154990196228
324 4.24316954772803 793.3682415485382
325 4.267430864245398 793.380509853363
326 4.298631138342898 793.42289686203
327 4.30940992460819 793.2492835521698
328 4.32958925148705 793.0022456645966
329 4.33153816529375 792.9865829944611
330 4.342661780392518 792.9177765846252
331 4.327561570738908 792.9580447673798
332 4.301667314139195 793.2987923622131
333 4.272437239240389 793.7561078071594
334 4.223986955999862 793.9318068027496
335 4.177940755049349 794.6958959102631
336 4.128468745817372 794.9354376792908
337 4.078223580378108 795.6407923698425
338 4.02254919866391 796.0746786594391
339 3.9776040685828775 796.7298204898834
340 3.9319431047479156 797.3720293045044
341 3.893011306383414 797.8873937129974
342 3.858652295108186 798.7173452377319
343 3.8159881848841906 799.2053780555725
344 3.8002027555194218 800.166116476059
345 3.7621220748114865 800.9185047149658
346 3.750891982810572 801.5441241264343
347 3.745003065589117 802.3025646209717
348 3.741777964605717 803.0983321666718
349 3.7243425482010935 803.2204504013062
350 3.7187580165918916 804.2375724315643
351 3.6983377207943704 803.9357440471649
352 3.6969611310050823 805.0409619808197
353 3.687394186563324 804.5146989822388
354 3.7001463319174945 805.6953272819519
355 3.7069352120161057 804.5538363456726
356 3.714165565208532 805.3704960346222
357 3.7169317939551547 804.3196129798889
358 3.73125904367771 804.7358636856079
359 3.7242875709198415 803.5350902080536
360 3.7303135280380957 803.8103542327881
361 3.7377275460166857 802.4416537284851
362 3.7458847016096115 802.2643597126007
363 3.7637657482991926 801.0739080905914
364 3.772184466710314 800.7543315887451
365 3.796166049898602 799.1376104354858
366 3.797300306818215 798.952431678772
367 3.8120837112655863 797.2667846679688
368 3.803534438891802 796.7977004051208
369 3.805485047894763 795.4009397029877
370 3.798340675770305 794.7539625167847
371 3.805315822857665 793.7397561073303
372 3.789934887900017 793.0072999000549
373 3.7822655487107113 792.0932939052582
374 3.7597960788116325 791.4859566688538
375 3.7447372365859337 790.8650162220001
376 3.7197573129378725 790.9074473381042
377 3.69782194000436 790.30908203125
378 3.681117065018043 790.2615323066711
379 3.6672843312553596 790.1817100048065
380 3.6455622230132576 790.7355523109436
381 3.620638344611507 790.8044748306274
382 3.601620108674979 791.2854423522949
383 3.582486058905488 791.8974328041077
384 3.5610819251451176 792.3436720371246
385 3.5403157204855233 793.0380654335022
386 3.524633042339701 793.6974925994873
387 3.520866409118753 794.1053524017334
388 3.5158764581137802 794.994754076004
389 3.5201509104808792 795.0149664878845
390 3.521079740516143 796.0473206043243
391 3.526617928990163 795.8680756092072
392 3.5274124349234626 796.8603088855743
393 3.5221040234027896 796.5580308437347
394 3.5166473126155324 797.3256678581238
395 3.5203670696355402 797.3941457271576
396 3.4999139798164833 797.6574683189392
397 3.4968905709974933 797.8486161231995
398 3.48627142290934 798.405905008316
399 3.4921131948649418 798.2949941158295
400 3.4917005878087366 798.1489677429199
401 3.4869218230596744 798.2764654159546
402 3.4926147594378563 797.9168884754181
403 3.4952173772035167 797.5829949378967
404 3.4969665617391 797.3839008808136
405 3.505293985217577 796.7495994567871
406 3.5150485935155302 796.3447318077087
407 3.5341708663327154 795.6294996738434
408 3.5363648236670997 795.3441784381866
409 3.53530914192379 794.2928619384766
410 3.5253814447205514 794.0309202671051
411 3.5125740120420232 793.5621521472931
412 3.5120814715191955 793.1994967460632
413 3.5004849845718127 793.1806182861328
414 3.491852060891688 792.9180159568787
415 3.4791145026683807 793.0815935134888
416 3.478718008729629 792.9881393909454
417 3.4814776236598846 793.2725756168365
418 3.458434830594342 793.4725193977356
419 3.4380702736089006 793.7860476970673
420 3.4193548533366993 794.159416437149
421 3.39525013306411 794.5048036575317
422 3.3629104869323783 794.8256449699402
423 3.345311529119499 795.5288188457489
424 3.323327548452653 795.4679441452026
425 3.3046473499853164 796.0520322322845
426 3.2842450329335406 796.2933602333069
427 3.2677636686130427 796.9442813396454
428 3.2389391652541235 797.2906155586243
429 3.2263116933754645 797.9924399852753
430 3.2095106409979053 798.5866479873657
431 3.200709255237598 798.8127734661102
432 3.1858646189211868 799.7115681171417
433 3.1910598634858616 800.0478332042694
434 3.189176063926425 800.2900431156158
435 3.1833010350819677 801.2883293628693
436 3.1893218699260615 801.3755781650543
437 3.188812357489951 801.9499356746674
438 3.1904189157648943 802.6727061271667
439 3.1794246103963815 802.7679624557495
440 3.1777381694992073 803.501787185669
441 3.175930359167978 803.6690406799316
442 3.160356845066417 804.1034667491913
443 3.1526049527456053 804.1584579944611
444 3.142882604035549 804.4365725517273
445 5.671128493268043 797.3052434921265
446 4.7855364093557 797.1502664089203
447 4.549509555916302 797.1237726211548
448 4.386262156651355 797.1224164962769
449 4.256490877945907 797.1277940273285
450 4.146245733136311 797.1345009803772
451 4.048995474702679 797.140468120575
452 3.9611630343133584 797.1451268196106
453 3.8805733682238497 797.148332118988
454 3.80580852139974 797.150386095047
455 3.7358798372442834 797.1514172554016
456 3.6700728440773673 797.1518201828003
457 3.6078470629872754 797.1516344547272
458 3.5487849769415334 797.1508831977844
459 3.49255254882155 797.1497962474823
460 3.4388822557521053 797.1485004425049
461 3.3875478599220514 797.1467981338501
462 3.3383611906319857 797.1448316574097
463 3.2911595940822735 797.142689704895
464 3.245807521918323 797.1401674747467
465 3.202177907747682 797.1373379230499
466 3.160164947854355 797.1342134475708
467 3.1196736812999006 797.1307876110077
468 3.0806175023317337 797.1270136833191
469 3.042915163212456 797.1229927539825
470 3.0064974795095623 797.1186678409576
471 2.971302454418037 797.1140193939209
472 2.937269761081552 797.1091167926788
473 2.9043424179544672 797.1039519309998
474 2.872473843570333 797.0986061096191
475 2.8416154920705594 797.0930528640747
476 2.811726530577289 797.0873816013336
477 2.782764229224995 797.0815229415894
478 2.754694145376561 797.0756928920746
479 2.7274787767673843 797.0697865486145
480 2.701086088869488 797.0638785362244
481 2.675485346437199 797.0580887794495
482 2.650647771311924 797.0523779392242
483 2.6265450991340913 797.0467450618744
484 2.6031505462888163 797.041265964508
485 2.5804397145984694 797.0358703136444
486 2.5583889549889136 797.0307312011719
487 2.5369736383872805 797.0256733894348
488 2.5161722534685396 797.0209777355194
489 2.4959641406021547 797.0163905620575
490 2.4763302041683346 797.0121426582336
491 2.4572505739342887 797.0081026554108
492 2.4387053912651027 797.0043711662292
493 2.4206798042578157 797.0008461475372
494 2.4031569464714266 796.9975111484528
495 2.3861193018383346 796.9946143627167
496 2.3695526748051634 796.9919509887695
497 2.353442516090581 796.9895894527435
498 2.3377747965569142 796.987580537796
499 2.322534434366389 796.9857385158539
500 2.307710511915502 796.9843380451202
501 2.293288022832712 796.9830787181854
502 2.2792560278176097 796.9822497367859
503 2.2656026070471853 796.9816167354584
504 2.252315496793017 796.9814002513885
505 2.2393821459118044 796.9813265800476
506 2.226794507820159 796.9816811084747
507 2.2145407171628904 796.9822096824646
508 2.202607288469153 796.9830904006958
509 2.1909861435487983 796.9842100143433
510 2.1796674875949975 796.9856317043304
511 2.1686400643229717 796.9871897697449
512 2.157895175514568 796.9890782833099
513 2.1474229485247633 796.9911322593689
514 2.137212930661917 796.9933626651764
515 2.1272579543292522 796.9959177970886
516 2.117550740222214 796.9985127449036
517 2.108081551225041 797.0012950897217
518 2.098847604567709 797.0042786598206
519 2.0898413648465066 797.0074520111084
520 2.081062457000371 797.0106229782104
521 2.0725063301069895 797.0138878822327
522 2.0641717149774195 797.0172753334045
523 2.0560573250695597 797.0210912227631
524 2.0481604390515713 797.0243675708771
525 2.0404808393432177 797.0272836685181
526 2.0330113979798625 797.0320935249329
527 2.0257535521777754 797.0358402729034
528 2.018697957002587 797.0381672382355
529 2.01183845207197 797.0433640480042
530 2.005173565230507 797.0474276542664
531 1.9986942855030065 797.0499758720398
532 1.9923953640391119 797.0561699867249
533 1.9862722206598846 797.0587847232819
534 1.98031746964989 797.0633351802826
535 1.9745240367956285 797.0692448616028
536 1.96889389791977 797.0719718933105
537 1.9634121192975726 797.0772383213043
538 1.9580825290649955 797.0845329761505
539 1.9528943722652912 797.084554195404
540 1.9478509203217982 797.095944404602
541 1.942934033479105 797.0961616039276
542 1.9381515974637296 797.1038143634796
543 1.93350039928373 797.1120216846466
544 1.9289583497775311 797.1112625598907
545 1.9245568255500984 797.1259732246399
546 1.9202446313229302 797.1230053901672
547 1.9160696386243217 797.1353461742401
548 1.9119861360049981 797.1394183635712
549 1.9080127275192353 797.1465470790863
550 1.9041432527774305 797.146950006485
551 1.900370872237545 797.1717350482941
552 1.8966998208215955 797.151962518692
553 1.8931189003924374 797.1837620735168
554 1.8896325226833142 797.1756002902985
555 1.8862139679431493 797.188930273056
556 1.8829146190564643 797.1905767917633
557 1.8796450349191218 797.2055163383484
558 1.8765320591301133 797.1925668716431
559 1.8734327411239065 797.2343339920044
560 1.8704724970366442 797.2265927791595
561 1.867550702320841 797.2285146713257
562 1.8647529815907546 797.2346134185791
563 1.8619773408854599 797.2354748249054
564 1.8592731839598855 797.2531018257141
565 1.856546743931176 797.2743289470673
566 1.853951056923961 797.291188955307
567 1.8513768473076198 797.2657160758972
568 1.8489756623653193 797.3344070911407
569 1.8467369856020923 797.2469367980957
570 1.8445497780485312 797.3610363006592
571 1.8422207200042067 797.3106610774994
572 1.8398742126039451 797.359491109848
573 1.837441752428731 797.3254241943359
574 1.8352929623829368 797.3893132209778
575 1.833233115555231 797.3079414367676
576 1.8312455597392727 797.427937746048
577 1.8293274419881982 797.3425459861755
578 1.8273858514343146 797.4430243968964
579 1.825450125588759 797.3976249694824
580 1.8235708870233793 797.3823134899139
581 1.8216372484491785 797.4531733989716
582 1.8198585064531017 797.380038022995
583 1.818091865485485 797.4951159954071
584 1.8161559741500923 797.4468998908997
585 1.8143387411922731 797.4387490749359
586 1.8125292325845521 797.4911379814148
587 1.8108756260564292 797.491913318634
588 1.8091902735842496 797.4421908855438
589 1.8076519268139464 797.6090619564056
590 1.8060770574843446 797.4734976291656
591 1.804489439025474 797.5006062984467
592 1.8028299263291956 797.5873436927795
593 1.800933634337639 797.5202841758728
594 1.7993087528109868 797.5908668041229
595 1.7977237084973012 797.651083946228
596 1.7961098073816402 797.5301640033722
597 1.7944540671014124 797.6564931869507
598 1.793025236481924 797.6088509559631
599 1.7915620684510714 797.5797655582428
600 1.7902463699099371 797.7062051296234
601 1.7885572562800007 797.6435589790344
602 1.7868699070205025 797.613184928894
603 1.7853272782115255 797.7407357692719
604 1.7837448890749101 797.6389186382294
605 1.7822379336445806 797.7098007202148
606 1.7808486413216542 797.7951943874359
607 1.7792892583054254 797.6386637687683
608 1.777649738775608 797.7823572158813
609 1.7761541713716724 797.728812456131
610 1.7747421645673853 797.7333290576935
611 1.7733067609840418 797.7793364524841
612 1.7717039868806523 797.7291362285614
613 1.770218005842878 797.7406940460205
614 1.7686016271329947 797.7600381374359
615 1.7669896037191961 797.7555158138275
616 1.7654772991933498 797.8038749694824
617 1.7641665496176415 797.7761878967285
618 1.7631021752545735 797.779123544693
619 1.7616574266617135 797.8086566925049
620 1.7599847745265151 797.7782068252563
621 1.7581545225251034 797.8033638000488
622 1.7565786284390583 797.7508282661438
623 1.7552367159665323 797.8612020015717
624 1.75399633383131 797.7828178405762
625 1.7526286773937727 797.9194152355194
626 1.751196626545834 797.8644070625305
627 1.749518823665312 797.9502875804901
628 1.7479839794630152 797.9590220451355
629 1.7463833614104374 797.9290602207184
630 1.7449206100659467 798.0513908863068
631 1.7435371756625955 797.9686481952667
632 1.7422001697354972 797.9971413612366
633 1.7410789709011851 798.0381228923798
634 1.7397935746241728 798.0233306884766
635 1.7381921644376916 798.05744099617
636 1.7367080210723316 798.0229415893555
637 1.7351204015452595 798.0589880943298
638 1.7336873079641464 797.997166633606
639 1.7322649096865916 798.1037232875824
640 1.7309039645140274 797.9593286514282
641 1.7294461941601185 798.0986256599426
642 1.7280765744096698 797.9623546600342
643 1.7268390361482489 798.0077726840973
644 1.725584391351049 797.9782013893127
645 1.724107072144875 797.9271855354309
646 1.7226148482484405 797.9630236625671
647 1.72143679528358 797.9223754405975
648 1.7201307173174882 797.9253511428833
649 1.7188025123127773 797.8994691371918
650 1.7176509109642666 797.9701900482178
651 1.7162483846732357 797.8775749206543
652 1.7151123751136765 798.0204730033875
653 1.7138661645844877 797.9592499732971
654 1.712705719042333 798.0334432125092
655 1.7114850761881826 798.1264133453369
656 1.7103262996206468 798.0707273483276
657 1.709122600594128 798.2096393108368
658 1.7079892834130987 798.2201466560364
659 1.7068127043776258 798.2981660366058
660 1.7057321615693581 798.3328156471252
661 1.70464259689561 798.4235894680023
662 1.703745435046585 798.3971583843231
663 1.7026596137293382 798.503853559494
664 1.70172451063263 798.4705698490143
665 1.7004573350732244 798.5354807376862
666 1.6992728659552085 798.5036852359772
667 1.6977882344472164 798.5606052875519
668 1.6964320108440916 798.5473928451538
669 1.6948917151330534 798.5886652469635
670 1.6934466712873473 798.6268723011017
671 1.6917805817056433 798.6457409858704
672 1.690225829299834 798.6810188293457
673 1.6884535106178191 798.7326109409332
674 1.686750389863846 798.7273733615875
675 1.6848838651364986 798.7830040454865
676 1.6830385883449708 798.7912263870239
677 1.6810411547594413 798.8160951137543
678 1.6790152299336114 798.8353021144867
679 1.6768807092591942 798.8795912265778
680 1.6746846486155391 798.8878242969513
681 1.6724407573342432 798.9408175945282
682 1.670288319968904 798.9670782089233
683 1.6682328175643306 799.0028884410858
684 1.666391381227868 799.062169790268
685 1.664691497373724 799.0362119674683
686 1.6632348908226504 799.1459982395172
687 1.6614841911100484 799.0928444862366
688 1.6596783127242816 799.1756634712219
689 1.6579916561693153 799.1610252857208
690 1.6563068044533793 799.1566693782806
691 1.6547701515828521 799.1749160289764
692 1.6532973754467548 799.1523458957672
693 1.6519664038873998 799.1132502555847
694 1.6506004935731653 799.1667149066925
695 1.6494285910985127 799.0617964267731
696 1.6479091255218918 799.1068067550659
697 1.6466384280420243 799.0437119007111
698 1.6452537780114653 799.055871963501
699 1.6440418354659414 799.014251947403
700 1.6428754003227368 799.0502016544342
701 1.6416633558474132 799.0165591239929
702 1.6404562988009275 799.0663015842438
703 1.6392212651853697 799.0202879905701
704 1.6378428630550843 799.0957510471344
705 1.6363753757168524 799.0582151412964
706 1.6348669198232528 799.1175851821899
707 1.6333496939362249 799.136063337326
708 1.6319347031360394 799.1424162387848
709 1.6304306473805354 799.1510851383209
710 1.629329312860591 799.1882798671722
711 1.6278604428703147 799.1302602291107
712 2.4348379249931895 800.3614349365234
713 2.720216211208026 800.2204713821411
714 1.880963565199636 799.4071214199066
715 1.726511158998619 799.7275111675262
716 1.682066917271186 799.6105060577393
717 1.665508935067919 799.72825050354
718 1.6611804527797176 799.7229242324829
719 1.6715439194267674 799.8013999462128
720 1.7304583267068665 799.9033966064453
721 1.8473066070800996 800.6153621673584
722 1.899629823747091 800.0262305736542
723 1.8315860943112057 799.8990385532379
724 1.7516137283673743 799.7364628314972
725 1.71074492114667 799.3066821098328
726 1.6997988012080896 799.7207429409027
727 1.7010453432012582 799.847109079361
728 1.727116176763957 799.961590051651
729 1.7663658525707433 800.2201046943665
730 1.7947826452436857 800.6848390102386
731 1.7834646641276777 800.8269774913788
732 1.7434552106824412 800.6762583255768
733 1.7310136016021715 799.7321803569794
734 1.7123687378116301 799.6937992572784
735 1.7133386535497266 799.0044569969177
736 1.7130309050917276 799.9113702774048
737 1.7149556170661526 799.7576036453247
738 1.7406675251986599 799.6430230140686
739 1.7491743373866484 799.216100692749
740 1.738930651681585 798.8178722858429
741 1.7302996590078692 799.2033421993256
742 1.7255918168957578 799.5093076229095
743 1.7291685343370773 799.9626190662384
744 1.7393755630291707 800.4848823547363
745 1.7439717382803792 800.5497488975525
746 1.7424319487327011 800.4679884910583
747 1.7365967249934329 800.3392877578735
748 1.7283134694262117 799.6707167625427
749 1.7055684510014544 799.9371402263641
750 1.6995449012320023 799.7829234600067
751 1.6989916061647818 800.003219127655
752 1.702130057688919 799.8689930438995
753 1.7089830272743711 800.3676040172577
754 1.706712455386878 800.396703004837
755 1.7226820451178355 800.8034300804138
756 1.7351306887576357 801.2030482292175
757 1.738630983090843 801.4982817173004
758 1.74681685588439 801.7443723678589
759 1.7411382215213962 801.5751578807831
760 1.7414418515982106 801.9119079113007
761 1.741286617325386 801.5027163028717
762 1.752990822897118 801.7208118438721
763 1.7578521379364247 801.3920485973358
764 1.7637997476558667 801.4313502311707
765 1.7589266111026518 800.7620828151703
766 1.7638863557076547 800.9163777828217
767 1.7729499564011348 800.5738468170166
768 1.7741018419328611 800.9092981815338
769 1.7821241583587835 800.5861427783966
770 1.7894256019062595 800.8849284648895
771 1.7944584985962138 801.0130314826965
772 1.7988073574088048 801.1821455955505
773 1.784796299012669 801.0605490207672
774 1.7743608217861038 801.127153635025
775 1.7567124399502063 801.4608414173126
776 1.7404887744050939 801.3098886013031
777 1.72153480561974 801.7706351280212
778 1.7061889117321698 801.6335771083832
779 1.6864650664283545 802.0340485572815
780 1.674889895322849 801.670508146286
781 1.6676620291727886 802.3419272899628
782 1.6656979761028197 801.5046789646149
783 1.6754327392554842 801.8747873306274
784 1.6879626019726857 801.5606482028961
785 1.6899466593531542 801.3762230873108
786 1.704396228720725 801.282769203186
787 1.7098914838861674 800.694965839386
788 1.7289196240672027 800.6535897254944
789 1.7389727824629517 799.9879648685455
790 1.7448918501286244 800.4639277458191
791 1.7651653329230612 800.1564075946808
792 1.7681404581162496 800.324136018753
793 1.7748853004377452 800.4439752101898
794 1.78813169762725 800.7461125850677
795 1.7943199245928554 800.5057141780853
796 1.786504350238829 800.5447735786438
797 1.7815117033824208 800.6355636119843
798 1.7668765897396952 800.7956006526947
799 1.7663043773791287 800.378612279892
800 1.751977593616175 800.3002529144287
801 1.736659331836563 799.930805683136
802 1.722139651676116 799.9243309497833
803 1.7088470069502364 799.6606001853943
804 1.691102543787565 799.6928341388702
805 1.670992934377864 799.6112656593323
806 1.6658471107220976 800.1381089687347
807 1.6652778847928857 800.0424859523773
808 1.6619326303043636 800.8114643096924
809 1.6723113454208942 801.1417582035065
810 1.6649171877652407 801.7511188983917
811 1.6598101423878688 802.6113007068634
812 1.649663821895956 802.9973139762878
813 1.6521544964780333 803.7672474384308
814 1.6456199626118178 804.1088223457336
815 1.658626439544605 804.6428067684174
816 1.6621591641014675 805.1854312419891
817 1.6665233548555989 805.6365783214569
818 1.684514054803003 805.9699001312256
819 1.689822701322555 805.7723631858826
820 1.6938236458809115 806.0738351345062
821 1.712152523046825 805.2750060558319
822 1.7248690764827188 804.884982585907
823 1.733560923661571 804.2408194541931
824 1.747511914712959 803.6580543518066
825 1.7414099966117647 802.411714553833
826 1.7362721610843437 802.0487833023071
827 1.7314066094404552 801.1715319156647
828 1.7158683463349007 801.074295759201
829 1.7178797220403794 800.3658847808838
830 1.709621383502963 800.2248091697693
831 1.7088905181299197 799.9082179069519
832 1.691756467014784 799.791983127594
833 1.685576269730518 799.7395167350769
834 1.667782575939782 799.7120490074158
835 1.6613213410309982 799.8261585235596
836 1.6542283993621822 799.9518246650696
837 1.6546974146622233 800.0538380146027
838 1.6557719804550288 800.2370407581329
839 1.654439122416079 800.8357946872711
840 1.657996529043885 800.9080040454865
841 1.6620925843308214 801.1911900043488
842 1.6726732444367371 801.5003762245178
843 1.68798104027519 802.1158788204193
844 1.6967809792840853 802.0027236938477
845 1.7156356263440102 802.358274936676
846 1.727719690577942 802.716765165329
847 1.7354884098167531 802.4665462970734
848 1.7460054610128282 802.5614948272705
849 1.7535408186013228 802.4131212234497
850 1.7674975350528257 802.4591529369354
851 1.7692015916181845 802.386871099472
852 1.7796987110341433 802.4582617282867
853 1.783499478988233 802.602011680603
854 1.7864258633344434 802.57488489151
855 1.780996475921711 802.7347896099091
856 1.7692082340654451 802.7572984695435
857 1.7584382054337766 802.8208656311035
858 1.7451483481854666 802.8965239524841
859 1.7319493296090513 803.0336210727692
860 1.7160877205897123 803.0531888008118
861 1.7001248525921255 803.2652764320374
862 1.6831548170302995 802.9379258155823
863 1.669295150320977 803.1451470851898
864 1.6510910656070337 802.974443435669
865 1.6368365666130558 802.9918739795685
866 1.6237928271002602 802.7723245620728
867 1.609649747813819 802.9451990127563
868 1.6021277903928421 802.7323110103607
869 1.9685379195725545 803.4098269939423
870 1.7034010529750958 803.359382390976
871 1.6004664453212172 803.3195638656616
872 1.531012684572488 803.2888479232788
873 1.477909476205241 803.2652578353882
874 1.4348062085919082 803.2472276687622
875 1.3985992350499146 803.2327499389648
876 1.3675159193808213 803.220543384552
877 1.340429339761613 803.209450006485
878 1.3165775058878353 803.1990351676941
879 1.2954171056917403 803.1890697479248
880 1.2765492511098273 803.1793894767761
881 1.2596617510425858 803.1701288223267
882 1.2445114054789883 803.1610727310181
883 1.2308943023599568 803.1522688865662
884 1.2186406315522618 803.1435422897339
885 1.207606011616008 803.1349895000458
886 1.1976642335685028 803.1268844604492
887 1.188703327494295 803.1196310520172
888 1.1806434309728502 803.1138405799866
889 1.173361407370976 803.1134147644043
890 1.166834130188363 803.1001574993134
891 1.1610547263753688 803.1019876003265
892 1.1560238798192586 803.1289796829224
893 1.152015788395147 803.0711460113525
894 1.1493960353491275 803.1906085014343
895 1.1491324156413611 803.0359447002411
896 1.1482844899637712 803.135128736496
897 1.1460461157585087 803.129421710968
898 1.1423078072511998 803.1416869163513
899 1.1374023487005616 803.1132755279541
900 1.1342973621349302 803.1089267730713
901 1.1317254906653034 803.1347436904907
902 1.130729589262046 803.1241762638092
903 1.131266301085816 803.101081609726
904 1.1313770513033887 803.0136826038361
905 1.130391681391302 803.2215485572815
906 1.127529608709665 802.922779083252
907 1.1242951746080507 803.0058016777039
908 1.1212861679896378 803.055666923523
909 1.1203086698460538 802.938642501831
910 1.1197793499932231 802.996723651886
911 1.118795752463484 802.8664722442627
912 1.116343721823796 803.0468242168427
913 1.1142514371349534 803.1032998561859
914 1.1128496069213725 802.8732993602753
915 1.1101543400200171 803.3343725204468
916 1.1078593679194455 803.0987555980682
917 1.1038286497705485 803.4501895904541
918 1.1015388312043797 803.3169496059418
919 1.0992456885487627 803.5477840900421
920 1.0971176128041407 803.434755563736
921 1.0966436506569153 803.4812741279602
922 1.094545520583324 803.3911182880402
923 1.0925757969130245 803.4602830410004
924 1.0913223649886277 803.289947271347
925 1.0895288175197493 803.3435056209564
926 1.0890709786444859 803.4197645187378
927 1.0875580187775995 803.4146087169647
928 1.0874437947104525 803.5383670330048
929 1.0859723872972609 803.5399484634399
930 1.0853215041788644 803.7936828136444
931 1.0847123848434421 803.7461190223694
932 1.0831740020839788 803.918425321579
933 1.0817480749265087 803.8754796981812
934 1.080254506264282 803.9499983787537
935 1.077827745149989 803.9199767112732
936 1.07569454150007 803.8738641738892
937 1.07340258061231 803.8195662498474
938 1.0715491870173537 803.6180899143219
939 1.0699957010483558 803.7026920318604
940 1.067824707336058 803.4702663421631
941 1.0670378875765891 803.660078048706
942 1.064824604998421 803.4572992324829
943 1.0633314181977767 803.6350202560425
944 1.0617656724944027 803.5828812122345
945 1.0596035954981744 803.6442186832428
946 1.0583208659845695 803.6643080711365
947 1.056746264532194 803.7450561523438
948 1.0548784610728035 803.6647918224335
949 1.054065328773504 803.8274445533752
950 1.0519096093485132 803.6897039413452
951 1.0512794639143976 803.8498828411102
952 1.0497803670641588 803.6870121955872
953 1.0490712651890135 803.8194093704224
954 1.047435879359 803.6577911376953
955 1.0456926810120422 803.7831909656525
956 1.0441449068857764 803.652393579483
957 1.0422044306451426 803.7174651622772
958 1.0410900295928514 803.5947284698486
959 1.0401772122322654 803.6788070201874
960 1.0384811407957386 803.5722951889038
961 1.0377414277786556 803.6734805107117
962 1.036079705807424 803.5991747379303
963 1.0348205951809177 803.6617414951324
964 1.033555420288394 803.6345725059509
965 1.032326669739632 803.7297356128693
966 1.0310365725381416 803.6377801895142
967 1.0291794162749284 803.8188619613647
968 1.0280085501763097 803.7962756156921
969 1.0260754837145214 803.9303388595581
970 1.0251589928848261 803.9211075305939
971 1.023974620813533 804.10640001297
972 1.023212447291371 804.1103236675262
973 1.022651322058664 804.2739253044128
974 1.0221339801355498 804.3412356376648
975 1.0216272173038305 804.5278611183167
976 1.0209518223064151 804.4931199550629
977 1.0199543556736899 804.7353518009186
978 1.0177988194373029 804.677900314331
979 1.0163344666962075 804.8498435020447
980 1.014233307872928 804.8524930477142
981 1.0126450701973226 804.935033082962
982 1.01109483694745 804.9909875392914
983 1.0097225588178844 805.0036926269531
984 1.008350972959306 804.9945755004883
985 1.0072121530829463 805.0187973976135
986 1.0056242013820338 804.8484902381897
987 1.0042854917064687 804.8496189117432
988 1.0026727448330348 804.5795428752899
989 1.0013769116421827 804.5564980506897
990 0.9997696632053703 804.2186102867126
991 0.9977620427780494 804.190016746521
992 0.9968527907767566 803.9016587734222
993 0.9950056470133859 803.8055839538574
994 0.9947715408052318 803.6590452194214
995 0.9937213024386438 803.453581571579
996 0.993455490366614 803.4168317317963
997 0.9931751288168016 803.3391785621643
998 0.9930715544978739 803.2619144916534
999 0.9920223095377878 803.3038718700409
1000 0.9916138438566122 803.3421275615692
1001 0.9904775927207083 803.4105360507965
1002 0.9901995959262422 803.4775991439819
1003 0.9883872847749444 803.6145293712616
1004 0.9878684231371153 803.6911561489105
1005 0.986194078124754 803.8039166927338
1006 0.9856895555285519 803.9542615413666
1007 0.9850280713899338 803.9918353557587
1008 0.9843261387632083 804.1146912574768
1009 0.9836686847957026 804.124222278595
1010 0.982991299682908 804.2528626918793
1011 0.981929537932956 804.2174825668335
1012 0.9812913413043134 804.3215713500977
1013 0.9802657093550806 804.3118648529053
1014 0.9793473211448145 804.371978521347
1015 0.9781812844521482 804.4309601783752
1016 0.9768190380200394 804.4644570350647
1017 0.9758071463220404 804.5461945533752
1018 0.9742663392535178 804.5596961975098
1019 0.9733153363122256 804.6399207115173
1020 0.9716605765588611 804.6428861618042
1021 0.970896036727936 804.6974947452545
1022 0.9690394904773711 804.7334551811218
1023 0.9685443283287896 804.7938227653503
1024 0.9666464794463536 804.8177285194397
1025 0.9662809684268723 804.9018816947937
1026 0.9644128344334604 804.8612015247345
1027 0.9644432899767708 804.9950587749481
1028 0.9629517995545029 804.9041044712067
1029 0.9622153085765603 805.0463125705719
1030 0.9610796900669811 804.9155306816101
1031 0.9597863835651879 805.0365452766418
1032 0.9589167095809898 804.9266130924225
1033 0.9577413707711457 804.9602372646332
1034 0.9572093686756489 804.8759858608246
1035 0.956086431760923 804.891637802124
1036 0.955751474988574 804.8080902099609
1037 0.9546288874171296 804.770744562149
1038 0.9540352239710046 804.6978626251221
1039 0.952877942860141 804.5983800888062
1040 0.9519608889304436 804.5371522903442
1041 0.950789740518303 804.4933655261993
1042 0.9495126073070423 804.4023172855377
1043 0.9481973645106336 804.4461407661438
1044 0.9468622058357141 804.3538584709167
1045 0.9456902722358791 804.4113295078278
1046 0.9445832429155416 804.3918735980988
1047 0.9440206334020331 804.4299857616425
1048 0.943504453103742 804.5257604122162
1049 0.9426980494936288 804.4997818470001
1050 0.9423600364298181 804.6609964370728
1051 0.9412771806382807 804.6436595916748
1052 0.9413306340102281 804.8023254871368
1053 0.9404397703365248 804.8600792884827
1054 0.9404799755648128 804.9955289363861
1055 0.939836126870432 805.0309269428253
1056 0.9394695679402503 805.2312843799591
1057 0.9390580581421091 805.1974160671234
1058 0.9383248351059592 805.3911621570587
1059 0.9375505022144353 805.3510010242462
1060 0.9364929316907364 805.4838466644287
1061 0.9356991593977 805.4491846561432
1062 0.9348261821887718 805.5638055801392
1063 0.9341864845555392 805.4690980911255
1064 0.9334051066125539 805.5248975753784
1065 0.9327588869746251 805.4467673301697
1066 0.9318836360398564 805.4073946475983
1067 0.9312261003524327 805.3968212604523
1068 0.9302138864950393 805.2722060680389
1069 0.9302489396977762 805.3032360076904
1070 0.9293585294944933 805.1470465660095
1071 0.9292166163031652 805.175977230072
1072 0.9286316229699878 805.0213401317596
1073 0.9278508839997812 805.0198667049408
1074 0.927112698151177 804.9426183700562
1075 0.9263725770615565 804.8575930595398
1076 0.9836282578326063 804.8315403461456
1077 0.9435649661609204 804.8096330165863
1078 0.928061564827658 804.8187248706818
1079 0.9184635617802996 804.8225679397583
1080 0.9113951229401209 804.8275136947632
1081 0.9057801600029052 804.8317563533783
1082 0.9011295309119305 804.8363542556763
1083 0.8971786931415409 804.8408153057098
1084 0.8937621322666018 804.8456728458405
1085 0.8907739931846663 804.8498160839081
1086 0.8881330264794087 804.8557605743408
1087 0.8857877716905023 804.8587036132812
1088 0.883685250828421 804.8650178909302
1089 0.8817984469774274 804.8685147762299
1090 0.8800903034073144 804.8713076114655
1091 0.8785638426570586 804.887323141098
1092 0.8772024262091236 804.8688411712646
1093 0.8761297322810151 804.8973710536957
1094 0.8756066091339108 804.8451538085938
1095 0.875648042305329 804.983357667923
1096 0.8754616363901278 804.7793428897858
1097 0.8740730335457556 804.9661123752594
1098 0.872758781732955 804.8545863628387
1099 0.8716042539972477 804.9149639606476
1100 0.8708617168997534 804.9040470123291
1101 0.8703912970119063 804.9176635742188
1102 0.870067191184603 804.9553623199463
1103 0.8698341448192082 804.8824350833893
1104 0.8694147632894555 805.023512840271
1105 0.8686701315269829 804.8725197315216
1106 0.8678664757417209 805.0468475818634
1107 0.8670519970671648 804.9379041194916
1108 0.8664535366226573 805.0206718444824
1109 0.8658922192294085 805.0310435295105
1110 0.8654375971111676 805.0369532108307
1111 0.8651581766322352 805.0826337337494
1112 0.8650299558538563 805.0551347732544
1113 0.8645037763640175 805.1606614589691
1114 0.8637281001465453 805.1060194969177
1115 0.8630228056530314 805.1329958438873
1116 0.8623440097749153 805.1800155639648
1117 0.8616909109915696 805.0943446159363
1118 0.8612502254145511 805.1460838317871
1119 0.8610666972589343 805.0744864940643
1120 0.860879908112679 805.0629842281342
1121 0.8604550075513657 805.0582301616669
1122 0.8600059496177437 804.9859714508057
1123 0.8594420120093389 805.0541393756866
1124 0.8587115789607083 804.9198832511902
1125 0.8582193524296144 804.9718956947327
1126 0.8573532546027991 804.969601392746
1127 0.8568575646776253 804.9946026802063
1128 0.8563880032857014 805.0614557266235
1129 0.8561626695018276 805.0490336418152
1130 0.8561508603581842 805.1250629425049
1131 0.8561942728434815 805.0823183059692
1132 0.856022158249516 805.1841728687286
1133 0.8554139302075328 805.157931804657
1134 0.8546856583577664 805.2566347122192
1135 0.8539930736034762 805.3066456317902
1136 0.8531475209258588 805.344699382782
1137 0.8525343528502276 805.4151792526245
1138 0.8517823807492277 805.4427053928375
1139 0.8512622725183974 805.4739744663239
1140 0.8506278396964149 805.510470867157
1141 0.8503066873378771 805.486790895462
1142 0.849674593094278 805.4310460090637
1143 0.8493318451071445 805.3968625068665
1144 0.848837362273116 805.3058006763458
1145 0.848146823249408 805.1908931732178
1146 0.8475178157691516 805.1737070083618
1147 0.8468537322323755 805.0620813369751
1148 0.8461632034868671 805.1128692626953
1149 0.8455329618245742 805.0419991016388
1150 0.8447203239559258 805.1306915283203
1151 0.8440969291350484 805.1010866165161
1152 0.8433230656141859 805.1902778148651
1153 0.8426310944046236 805.1993277072906
1154 0.8419647153996266 805.2731244564056
1155 0.8410603848487881 805.300525188446
1156 0.8403811852977014 805.3542904853821
1157 0.839449473136483 805.3764662742615
1158 0.8387161437676696 805.4199795722961
1159 0.8379847083824643 805.3960478305817
1160 0.8373241905824216 805.4723002910614
1161 0.836807703348768 805.4077513217926
1162 0.8361360728486034 805.4744966030121
1163 0.8356369545176676 805.412172794342
1164 0.8349332772875186 805.4438118934631
1165 0.8344264755332915 805.402257680893
1166 0.8336738849770882 805.4204597473145
1167 0.8330029325256874 805.4205856323242
1168 0.8322816388704268 805.4024488925934
1169 0.8316288907199123 805.4686613082886
1170 0.8308816420658331 805.4488337039948
1171 0.8302052728422495 805.4641466140747
1172 0.8295790100855811 805.5329465866089
1173 0.8289810828896407 805.4496958255768
1174 0.8284361558755791 805.529381275177
1175 0.8280153004984641 805.4489018917084
1176 0.8275534595693443 805.452287197113
1177 0.8271902659846546 805.3969295024872
1178 0.8265098769870747 805.3789286613464
1179 0.8259499693865564 805.3291761875153
1180 0.8251260259773971 805.3122518062592
1181 0.8244995732718507 805.2973680496216
1182 0.8237623274707175 805.2889804840088
1183 0.8232786914752523 805.2537262439728
1184 0.8226734221309471 805.3272559642792
1185 0.8222080477169129 805.2478444576263
1186 0.8216385900366276 805.4077773094177
1187 0.8212709204747171 805.3876986503601
1188 0.820751332852069 805.469206571579
1189 0.8202941345725776 805.573748588562
1190 0.819569918200159 805.6002209186554
1191 0.8189754834943415 805.7156698703766
1192 0.8181945341430037 805.7411968708038
1193 0.8176006869327921 805.7946259975433
1194 0.8169704729762088 805.8387551307678
1195 0.8164665079334554 805.8096790313721
1196 0.8161034581744389 805.889621257782
1197 0.8156643531151531 805.7842519283295
1198 0.815353132542441 805.831901550293
1199 0.8149199580975619 805.727931022644
1200 0.8144006617603736 805.7331881523132
1201 0.8142495048898581 805.6224794387817
1202 0.8137657603926982 805.5992271900177
1203 0.8133314650522152 805.5287528038025
1204 0.8128023123724688 805.4597163200378
1205 0.812222221268712 805.4673233032227
1206 0.8116581264396245 805.407692193985
1207 0.8111220652781412 805.4074144363403
1208 0.8104857436164821 805.4162411689758
1209 0.8100889377865315 805.3819797039032
1210 0.8094198443777714 805.4418008327484
1211 0.808881007380478 805.4342682361603
1212 0.8082966523988944 805.4953188896179
1213 0.8077459039077439 805.5075268745422
1214 0.8072892331965704 805.5695524215698
1215 0.8066527162386592 805.6012544631958
1216 0.8058743071937897 805.6233830451965
1217 0.8052915223479431 805.680935382843
1218 0.8045119221121695 805.7052726745605
1219 0.8039398144828738 805.7053813934326
1220 0.8033816118077084 805.7640006542206
1221 0.8028035697719815 805.6984860897064
1222 0.8023908541579203 805.7842478752136
1223 0.8021130134079613 805.725908279419
1224 0.8016426906613106 805.7226710319519
1225 0.8013697472340482 805.7171719074249
1226 0.8005117060265547 805.650575876236
1227 0.7999530477773078 805.6504626274109
1228 0.7992882104895216 805.5819373130798
1229 0.7986619207968033 805.5533618927002
1230 0.7981112804413897 805.5332481861115
1231 0.7977025095706267 805.4470748901367
1232 0.797304678956607 805.4804036617279
1233 0.7969461474447144 805.4039189815521
1234 0.7967138400499607 805.3903787136078
1235 0.7964775415855456 805.3762407302856
1236 0.7962048824863359 805.3491928577423
1237 0.795705627137977 805.3476898670197
1238 0.7953006211532738 805.3381533622742
1239 0.7947845585999858 805.3539865016937
1240 0.7942596481125292 805.40056848526
1241 0.7937961987436211 805.3872890472412
1242 0.793228480029029 805.4938199520111
1243 0.7927512579199174 805.464369058609
1244 0.7923529752911236 805.539351940155
1245 0.7920872226031861 805.5698847770691
1246 0.7916870922163071 805.5987284183502
1247 0.7912440837299073 805.6725029945374
1248 0.7906728424832181 805.6841933727264
1249 0.7900646431207861 805.7683029174805
1250 0.7893504266244236 805.7914929389954
1251 0.7887261641203622 805.8086109161377
1252 0.7880947566945906 805.8685989379883
1253 0.7875193712111468 805.8285248279572
1254 0.7870306264380815 805.9088258743286
1255 0.7865923823005687 805.8585205078125
1256 0.7860390682462821 805.9344670772552
1257 0.7855385225225291 805.8862571716309
1258 0.7851198110806763 805.9468448162079
1259 0.7845737610127799 805.9282767772675
1260 0.7838748849630974 805.9170129299164
1261 0.7833555124648228 805.966920375824
1262 0.7827683136829364 805.9356694221497
1263 0.782230758651167 805.9506928920746
1264 0.781862268576333 805.9768590927124
1265 0.7812487845699252 805.9542434215546
1266 0.7808227697314578 805.999005317688
1267 0.7803483515390326 805.9925746917725
1268 0.7801196204109146 806.0183947086334
1269 0.7799953386347624 806.0602598190308
1270 0.7796621820652945 806.042546749115
1271 0.7793646978025208 806.0664148330688
1272 0.7790501665504053 806.087760925293
