1 31520.46791267395 4775.829451560974
2 13030.244901657104 4539.378688812256
3 11688.272834777832 3703.316133260727
4 7383.661466598511 1745.5678990483284
5 3112.99653506279 879.9946750327945
6 1751.1578098535538 631.4560602754354
7 1279.9893089532852 515.9447725638747
8 1033.2400323152542 455.9065723568201
9 896.8740570545197 423.2122766971588
10 811.0738141536713 395.935329683125
11 750.160130739212 374.05980137363076
12 703.0594358444214 357.09430357441306
13 665.1189030408859 343.6087327543646
14 633.7197425365448 331.68378802388906
15 606.9999706745148 321.7588902320713
16 583.3919951319695 312.73716426454484
17 562.6566906571388 304.8903493275866
18 544.459718644619 297.6685865391046
19 527.9774549603462 291.90047694556415
20 513.0831899642944 287.8502556690946
21 499.50584906339645 283.82520719245076
22 486.9651876091957 281.2221681950614
23 475.45064729452133 279.0036527849734
24 464.57896572351456 276.65499763563275
25 454.48952460289 275.5564356930554
26 445.2250198125839 274.05031598359346
27 436.59945446252823 272.7549732886255
28 428.6098432838917 271.57096491754055
29 421.1420273780823 270.4765086993575
30 414.079060792923 269.38234378769994
31 407.4378801584244 268.4143741540611
32 401.1773874759674 267.334282591939
33 395.18778589367867 266.06495873630047
34 389.478717982769 265.2043407931924
35 383.82172924280167 264.00307662039995
36 378.4113612473011 263.26722741127014
37 373.23338505625725 262.5008507184684
38 368.16218757629395 261.963809594512
39 363.4750566184521 261.9870605915785
40 358.9137665629387 261.4216869324446
41 354.47015956044197 261.0705184340477
42 350.1507297754288 260.16392765939236
43 345.9487851858139 259.1650954410434
44 341.7865636050701 258.35221111029387
45 337.87094843387604 257.94953256100416
46 333.96213287115097 257.5378905236721
47 330.1322871744633 256.99299807846546
48 326.272084236145 256.22338831424713
49 322.6190085709095 255.99555619060993
50 319.20590019226074 255.0582633316517
51 315.7554221749306 254.20733204483986
52 312.30946972966194 252.8673981949687
53 308.91019371151924 252.01868119835854
54 305.65125092864037 250.97718311846256
55 302.45375925302505 249.96680182218552
56 299.3071995973587 248.7897730767727
57 296.145408898592 247.82194252312183
58 293.03370705246925 247.47383596003056
59 289.9890870153904 246.81915232539177
60 287.02299842238426 246.64616234600544
61 284.0819557905197 246.00676061213017
62 281.2866041660309 245.48526123166084
63 278.5093110203743 244.65760370343924
64 275.8738960623741 243.91221045702696
65 273.20165064930916 243.74373012781143
66 270.55158230662346 243.3957625180483
67 268.10381320118904 243.01851937174797
68 265.6620006263256 242.55074921250343
69 263.1715932190418 242.2679674178362
70 260.8024899959564 241.94810614734888
71 258.42038184404373 241.0352961719036
72 256.17194882035255 240.62796011567116
73 253.94646802544594 240.11533104628325
74 251.7340668141842 239.80098921060562
75 249.5980694591999 239.32381787896156
76 247.45429798960686 238.72953533381224
77 245.14226150512695 238.60403165221214
78 242.99828404188156 238.38197201490402
79 240.9869785606861 238.04587288200855
80 239.0634928047657 237.69118174910545
81 237.13668757677078 237.12354074418545
82 235.38562715053558 236.50129744410515
83 233.6854913532734 236.0929620936513
84 232.08432322740555 235.17861446738243
85 230.81553572416306 233.87407970428467
86 229.7924826592207 232.14726112782955
87 229.1117504388094 229.70842610299587
88 228.97808954119682 225.76087104529142
89 229.03297924995422 221.72721448540688
90 228.91941019892693 219.0452140942216
91 228.23750910162926 218.15215826034546
92 226.36904156208038 218.19966918230057
93 223.81662252545357 218.3839465379715
94 221.04846054315567 218.4415407180786
95 218.08037541806698 218.39425176382065
96 215.01868852972984 218.0884560495615
97 212.0114933848381 217.89531095325947
98 209.1722523123026 217.54310081899166
99 206.3761110007763 217.26394440978765
100 203.64916537702084 217.11220985651016
101 200.8769274353981 217.09570874273777
102 198.27879990637302 216.95885484665632
103 195.73541483283043 217.16412607580423
104 193.281724691391 217.32158522307873
105 190.9023561179638 217.42357659339905
106 188.4977767765522 217.64433845877647
107 186.23788522183895 217.8133683949709
108 184.09196493029594 218.09552119672298
109 182.0630545169115 218.26621282100677
110 180.0242786705494 218.39184720814228
111 178.08753694593906 218.69190545380116
112 176.22307224571705 218.94244757294655
113 174.42713087797165 219.2784563228488
114 172.5379052758217 219.60790924727917
115 170.7183354496956 219.95136506855488
116 168.98946344852448 220.22519527375698
117 167.31916323304176 220.5078063607216
118 165.69898995757103 221.01157274097204
119 164.21883577108383 221.42015719413757
120 162.66815496981144 221.89918467402458
121 161.28936403989792 222.3462085351348
122 159.87546886503696 223.002722337842
123 158.5518441349268 223.61289588361979
124 157.34231826663017 224.30997778475285
125 156.1141541004181 225.175322458148
126 155.1286080032587 226.2038512006402
127 154.18925793468952 227.14942449331284
128 153.4796497374773 228.31705556809902
129 153.0059461146593 229.82776248455048
130 152.97908121347427 231.98366567492485
131 153.5998951047659 235.27187459170818
132 155.39972276985645 239.80714350938797
133 159.0813296586275 245.2611487209797
134 164.5972552895546 245.91362929344177
135 170.7452001273632 234.6595602631569
136 174.08866745233536 224.04435851424932
137 170.5023006349802 221.9442357942462
138 164.77769646048546 222.19990219920874
139 160.05820275843143 223.15711095929146
140 156.32037872076035 224.07358306646347
141 152.76054444909096 225.0090742483735
142 149.48998337984085 225.860436886549
143 146.46794344484806 226.6629834473133
144 143.52573837339878 227.58197437226772
145 140.61435562372208 228.48139268904924
146 137.76393051445484 229.28499196469784
147 135.06232817471027 230.16980915516615
148 132.40856955945492 231.0139820203185
149 129.90375888347626 231.89783050864935
150 127.4790888428688 232.66033953428268
151 125.11611083894968 233.51364669203758
152 122.96270467340946 234.35212682187557
153 120.94138561934233 234.89140959084034
154 119.08588172495365 235.5147705450654
155 117.24012754112482 236.1883688122034
156 115.55358149111271 237.0636574178934
157 113.91360367834568 237.25107771903276
158 112.43523895740509 238.03129520267248
159 110.96521924436092 238.89496248960495
160 110.03296238929033 239.19556254148483
161 108.7028844282031 240.58754459023476
162 109.04299059510231 240.85713128000498
163 107.67516183108091 242.26522424072027
164 107.74415256083012 242.81152080744505
165 105.67031592875719 244.13886284828186
166 104.60440847277641 244.40409702062607
167 103.3302451968193 245.62256605923176
168 101.5104402974248 245.46583515405655
169 100.6573289707303 246.46479205787182
170 98.70010981708765 246.33367878198624
171 97.59306497126818 247.06486371159554
172 95.91122570633888 247.24317766726017
173 94.72745780646801 247.48308750987053
174 93.40189673006535 247.70281991362572
175 92.19562269002199 247.95875274389982
176 91.03789582103491 248.32618618011475
177 89.97743681073189 248.76905712485313
178 88.90810835361481 248.94904965907335
179 87.7868016064167 249.48579673469067
180 86.63485042005777 249.7181548550725
181 85.69853273779154 250.30628300458193
182 84.78910198807716 250.35733184963465
183 83.85240331292152 251.07609277963638
184 82.90391900390387 251.09112414717674
185 82.06700003147125 251.81326560676098
186 81.28504920005798 251.86972850561142
187 80.55362518131733 252.67683644592762
188 79.86307783424854 252.80232855677605
189 79.2886950969696 253.59355060011148
190 78.54611130058765 253.3048546537757
191 195.4475139081478 219.11953808367252
192 182.63993959128857 216.88906881585717
193 179.84433336555958 215.70373042300344
194 178.5226305872202 215.01214553415775
195 177.70545569062233 214.55815332569182
196 177.1170310974121 214.23144239000976
197 176.6611363440752 213.98294512555003
198 176.29140475392342 213.78874193876982
199 175.98417550325394 213.63172148354352
200 175.7230994105339 213.50212677754462
201 175.49636708199978 213.3916629832238
202 175.29540820419788 213.29820950888097
203 175.11442676186562 213.2182156816125
204 174.949861779809 213.14864572510123
205 174.79781728982925 213.0895063355565
206 174.65624530613422 213.03777947463095
207 174.52308528125286 212.9929454959929
208 174.39677143096924 212.95419459603727
209 174.27627155184746 212.92041400261223
210 174.1611985117197 212.89346998557448
211 174.0511081069708 212.87051178701222
212 173.94448313117027 212.8500310909003
213 173.84178857505322 212.83297949284315
214 173.7421701401472 212.8193098437041
215 173.6454390436411 212.80762086436152
216 173.5506113320589 212.8003137204796
217 173.457907050848 212.79532726109028
218 173.3676593899727 212.79205906391144
219 173.27944646775723 212.7898286357522
220 173.19308073818684 212.78883315622807
221 173.10834488272667 212.78909321688116
222 173.02531944215298 212.7891022861004
223 172.94382426142693 212.7904326952994
224 172.8636008799076 212.7932671904564
225 172.78453581035137 212.79639552906156
226 175.63827687501907 213.5033798404038
227 175.03481839597225 213.65332350879908
228 174.3874356597662 213.77948340028524
229 210.84795390069485 209.40827067941427
230 203.9339912980795 209.2169611081481
231 198.77227552235126 209.37938061729074
232 195.22159872949123 209.08671324327588
233 192.05221238732338 209.1929425932467
234 189.51911142468452 209.1857232376933
235 187.01837688684464 209.29753958247602
236 184.77076146006584 209.3909305240959
237 169.90316769480705 212.71208938211203
238 167.14725191891193 213.4870592970401
239 166.19031459838152 214.05692562833428
240 654.8839205801487 232.87438357248902
241 397.48022615909576 261.8355363085866
242 364.3525387644768 219.50599303469062
243 337.20992705225945 213.34571636281908
244 317.62402963638306 215.40249805245548
245 310.82815742492676 219.77633738238364
246 286.36940425634384 228.8955217441544
247 194.05083782970905 218.67305471841246
248 191.5445625782013 216.79478339664638
249 187.36794696748257 217.52767575718462
250 184.62958124279976 218.05779277905822
