1 33110.62624359131 4832.771981239319
2 13112.138010025024 4575.972493886948
3 12150.853734970093 4026.5456436872482
4 9344.043976783752 2514.3987034857273
5 4348.947480201721 1021.6960174143314
6 1967.09024643898 637.654788103886
7 1333.676679611206 490.2117825932801
8 1041.521665930748 419.5730091817677
9 871.3994005322456 372.99403423443437
10 764.5030099749565 338.7001070231199
11 694.4681587815285 314.6368765793741
12 644.4387144446373 297.46255028247833
13 606.342078089714 284.62278763204813
14 576.3035297393799 274.3995541781187
15 552.0370984077454 266.23255544900894
16 531.9784914851189 259.6617905534804
17 514.9925993680954 254.14180240407586
18 500.08276760578156 249.70744513347745
19 486.86136800050735 245.21801676414907
20 475.06373327970505 241.2567852847278
21 464.4268653392792 237.64410450682044
22 454.6205012202263 234.32493446208537
23 445.5582461953163 231.47552305832505
24 437.47440230846405 229.11284091323614
25 429.8883880972862 226.96399174816906
26 422.781169205904 225.20419067982584
27 416.0983945131302 223.77986464183778
28 409.7668429017067 222.46235573105514
29 403.75820568203926 221.25541807198897
30 397.8955054283142 220.13498908188194
31 392.17938324809074 218.80557782575488
32 386.7401840388775 217.72132367594168
33 381.4627809524536 216.3117030132562
34 376.3811275064945 215.2777869841084
35 371.40702059865 214.30656130984426
36 366.6829329133034 213.46439370233566
37 361.96406704187393 212.732608336024
38 357.41288605332375 211.99271658388898
39 352.96802973747253 211.26120227063075
40 348.56476360559464 210.73257772391662
41 344.2812631726265 210.35167351923883
42 340.0423662662506 209.85685230325907
43 336.0080717206001 209.54517791513354
44 331.88208797574043 209.1848922278732
45 327.7344040572643 208.9751086719334
46 323.63970041275024 208.76779413130134
47 319.8017670214176 208.72992588300258
48 315.85520124435425 208.6627137940377
49 311.94703167676926 208.6775710368529
50 308.1616867184639 208.57923642918468
51 304.48073905706406 208.45125459320843
52 300.6908690035343 208.2869536522776
53 296.99547719955444 208.11180497519672
54 293.2477157115936 208.2637413032353
55 289.6648496091366 208.1745950728655
56 285.9519091248512 208.1148764528334
57 282.2746144235134 208.31775220297277
58 278.63807356357574 208.38563133962452
59 274.9825084209442 208.52058327011764
60 271.5293011665344 208.4728456120938
61 268.0121063888073 208.65458833053708
62 264.5695776939392 209.03158974647522
63 261.171630859375 209.0116611123085
64 257.82486203312874 209.155466850847
65 254.45403349399567 209.45426554605365
66 251.10281562805176 209.67964442819357
67 247.82843655347824 210.20110069215298
68 244.49802669882774 210.6139155998826
69 241.2609741985798 210.9523931518197
70 238.0709064602852 211.30189868435264
71 234.98001536726952 211.53493438661098
72 231.9104419350624 212.05276668071747
73 228.7885804027319 212.56941011548042
74 225.75413511693478 213.13327465951443
75 222.7341209501028 213.5972535163164
76 219.86365726590157 214.01924927532673
77 216.98339664936066 214.3457368016243
78 214.0131402760744 214.63156767189503
79 211.09978359937668 215.1358258984983
80 208.2412022948265 215.52474200353026
81 205.46528740227222 215.75032364204526
82 202.81047403812408 216.08281661570072
83 200.03815065324306 216.44223383814096
84 197.47137665748596 216.76338335499167
85 195.0180036276579 217.14161655306816
86 192.63017037510872 217.449168600142
87 190.2721856534481 217.7949598133564
88 188.08631160855293 217.9561458453536
89 185.884082198143 218.171540196985
90 183.93092404305935 218.60586559772491
91 182.21962827444077 218.9258817061782
92 180.65904447436333 219.00261475890875
93 179.59177780151367 218.93113418668509
94 179.3716697394848 218.5141692571342
95 180.8181101679802 217.61771042644978
96 186.12834459543228 217.18292148411274
97 204.4072004556656 213.7341099306941
98 218.67144858837128 247.22740717232227
99 203.16941757500172 248.88476496189833
100 195.02038325369358 248.87764506787062
101 298.18607223033905 210.13529229350388
102 292.9851470589638 209.42966876924038
103 288.3559515476227 209.45345352962613
104 284.09176820516586 209.30093641020358
105 280.07986065745354 209.08593916334212
106 276.03600853681564 209.21724753733724
107 272.23183992505074 209.40656206943095
108 268.4291382133961 209.63443048205227
109 264.7202654480934 210.08356257155538
110 261.1385296881199 210.3898702263832
111 257.58433705568314 210.73171418067068
112 254.0673739016056 211.35627486091107
113 250.62063053250313 211.72685784101486
114 247.17042392492294 212.27243876084685
115 243.6920321583748 212.8545098947361
116 240.24592718482018 213.36251400597394
117 236.95698115229607 214.11283668130636
118 233.6023118197918 214.6746083777398
119 230.34821465611458 215.24488624557853
120 227.08504620194435 215.8001249488443
121 223.7224500477314 216.47740453854203
122 220.4802204966545 217.21168757975101
123 217.34595453739166 217.93311665579677
124 214.12260511517525 218.76429677009583
125 210.97312259674072 219.2916652429849
126 207.73591804504395 219.87272359617054
127 204.71098592877388 220.88873619027436
128 201.67717063426971 221.5238301642239
129 198.73390017449856 222.23298204503953
130 195.79063594341278 222.87996000237763
131 192.95934396982193 223.55314304307103
132 190.04302144050598 224.2726891040802
133 187.17744155228138 224.93198011815548
134 184.29501527547836 225.72294638678432
135 181.48880787193775 226.40151608735323
136 178.7329504340887 227.13172591663897
137 176.10899837315083 227.63709370791912
138 173.49324850738049 228.1281336657703
139 170.94009014964104 228.86515506729484
140 168.47231656312943 229.58020905964077
141 165.94865421950817 229.9643187224865
142 163.48536467552185 230.690797124058
143 161.1158046722412 231.54670083336532
144 158.82424116134644 231.97151079401374
145 156.4348202943802 232.91397039219737
146 154.14965337514877 233.52793450653553
147 151.9026404619217 234.62334595806897
148 149.67533145844936 235.5772329568863
149 147.45090009272099 236.84108172543347
150 145.3488756120205 237.6348264273256
151 143.31111918389797 238.66089648008347
152 141.30920910835266 239.4907362163067
153 139.37971509993076 240.43064397946
154 137.54513154923916 241.37374901399016
155 135.67896735668182 242.50775967910886
156 133.84637467563152 243.81628512963653
157 132.08719293773174 244.9657181277871
158 130.30502697825432 246.15383691340685
159 128.68893870711327 247.4481630884111
160 127.13143414258957 248.70943883433938
161 125.72210142016411 250.43134713172913
162 124.32654708623886 252.19200401380658
163 123.06834803521633 254.1135454326868
164 122.09377284348011 256.78498400747776
165 121.3380656838417 260.22646060958505
166 121.07007858157158 265.1606441810727
167 121.80179786682129 272.69545229524374
168 125.12932747602463 281.43911573663354
169 141.50263752043247 260.6083498969674
170 173.41567450761795 239.37588477879763
171 158.42371502518654 236.96982477605343
172 150.0295453965664 235.0935280919075
173 144.2908285111189 234.98490700498223
174 139.85229505598545 234.81055092066526
175 135.94586811959743 235.20616795867682
176 132.3881710320711 236.00794185325503
177 129.14722348749638 237.00043177977204
178 126.29875528812408 237.49970080703497
179 123.57880246639252 238.38969771936536
180 121.01875245571136 238.9266102835536
181 118.60474854707718 239.65146706998348
182 116.27777868509293 240.59643162414432
183 113.94590511918068 241.02520232275128
184 111.6882568448782 242.16534545645118
185 109.55638542026281 243.13997244089842
186 107.6593209952116 244.09604616463184
187 105.93319496512413 245.00707918405533
188 104.24351446330547 245.86018811911345
189 102.7569560855627 246.45067150890827
190 101.44398363679647 246.9420814216137
191 100.20325595885515 247.3208146840334
192 99.26683942973614 247.8501702696085
193 98.53694553673267 248.16895763203502
194 98.35156697034836 248.41478412225842
195 98.81307502835989 248.7244769409299
196 100.17378943413496 248.6896158605814
197 103.08576111495495 247.68041886389256
198 107.97287883609533 244.17985132336617
199 114.92865494638681 240.57151667773724
200 120.14343495666981 238.08958611637354
201 118.5538429543376 236.82244488596916
202 112.74749297648668 237.74380485340953
203 106.98527654260397 238.65958943590522
204 101.84761667996645 239.89833886921406
205 97.37652149796486 240.92167514190078
206 93.28866878896952 241.92594407498837
207 89.73639476299286 242.98815255612135
208 86.30476339161396 244.28275867179036
209 83.23030302673578 245.54899317026138
210 80.57529342919588 246.58831766620278
211 300.59761840105057 207.59983079135418
212 294.071654856205 207.3619331670925
213 289.19320344924927 207.07710081525147
214 284.7204923927784 206.4129875563085
215 280.58718594908714 206.09203650057316
216 276.5880881547928 205.79714958555996
217 272.6705076992512 205.47299353964627
218 268.8410507440567 205.34898708760738
219 264.8939266204834 205.03262030147016
220 261.0868391394615 204.76477868109941
221 257.48601111769676 204.90115381777287
222 253.64504182338715 204.89992489665747
223 249.94335386157036 204.9803052842617
224 246.3650818169117 204.86522569693625
225 242.75807058811188 205.0867623295635
226 239.16807806491852 205.20194992050529
227 235.74114474654198 205.46376084722579
228 232.33587670326233 205.75376082584262
229 235.2993114888668 211.9032883020118
230 232.60996934771538 212.01227271463722
231 231.54184916615486 212.07528651040047
232 230.73175808787346 212.20369517616928
233 230.0094999372959 212.3342851381749
234 229.3230508416891 212.48361754976213
235 228.66614904999733 212.65794787183404
236 236.88511767983437 206.56547188013792
237 234.01025992631912 207.33287032321095
238 232.66413593292236 207.80679900478572
