1 29588.19969177246 4819.538568973541
2 13116.150007247925 4593.554828166962
3 12507.667381286621 4351.882948279381
4 11770.934784889221 4040.5758222341537
5 9785.432960510254 2610.3183903992176
6 4336.7839615345 1020.16687746346
7 1902.32692861557 637.2977035474032
8 1248.5143295526505 490.236031524837
9 970.6652365922928 414.78703710623085
10 828.8057456612587 369.2824284937233
11 744.5446031093597 341.5923617295921
12 688.9173453450203 323.3888003230095
13 649.316811978817 310.41994073987007
14 619.407358944416 300.6088696718216
15 595.2788277864456 292.6968743391335
16 574.7753143310547 285.7716191224754
17 556.7008918523788 280.0894507523626
18 541.0096737742424 275.50266840681434
19 526.8547732234001 271.3993624020368
20 514.0027149319649 268.12457175552845
21 502.285264313221 265.1197813972831
22 491.57945454120636 262.37913731485605
23 481.62747436761856 259.8684231862426
24 472.1892415881157 257.4332938399166
25 463.34377884864807 255.43025062419474
26 455.1092047095299 253.31582560390234
27 447.58353650569916 251.17559762578458
28 440.651624917984 249.1568175777793
29 434.1109753251076 247.41381055861712
30 427.8388297557831 245.3515121722594
31 421.8576355576515 243.38255488686264
32 416.29441606998444 241.11917361617088
33 410.79155004024506 239.25025093741715
34 405.65100315213203 237.4756177738309
35 400.68698555231094 235.95277598127723
36 395.91982132196426 234.44312683865428
37 391.3266823887825 232.73304091021419
38 386.7721983194351 231.08827562630177
39 382.34444802999496 229.5909699574113
40 378.0008491873741 228.2459362950176
41 373.8680973947048 226.74541931785643
42 369.7176095843315 225.65566546283662
43 365.7030284702778 224.59388002566993
44 361.864539206028 223.57757141813636
45 357.96608862280846 222.7377290725708
46 354.1941268146038 222.14674527943134
47 350.42360934615135 221.67417121119797
48 346.6368606686592 221.25731131620705
49 342.8836433291435 220.71040656790137
50 339.3956467807293 220.2545916736126
51 335.86384600400925 219.80707862228155
52 332.2987232506275 219.51048913411796
53 328.80441322922707 219.16359759680927
54 325.46179524064064 218.955995650962
55 322.07536458969116 218.78889475017786
56 318.7475236058235 218.70470924302936
57 315.5169557631016 218.5669570118189
58 312.23077261447906 218.53525695391
59 308.9327780306339 218.61795975733548
60 305.77817261219025 218.73130698222667
61 302.6206628084183 218.9358764020726
62 299.4632143974304 219.0293219704181
63 296.4345149695873 219.12117272429168
64 293.46550488471985 219.2307011242956
65 290.5045891702175 219.16660849750042
66 287.44102334976196 219.34244485665113
67 284.5285232067108 219.3670032992959
68 281.7192557156086 219.42054166831076
69 278.9385970234871 219.65788266435266
70 276.06339541077614 219.58597208745778
71 273.1454415023327 219.65101074427366
72 270.3117924630642 219.6501637250185
73 267.4825419485569 219.89472407381982
74 264.6307810842991 219.72711770795286
75 261.7465802282095 219.72819878533483
76 259.0332537293434 219.81171047315001
77 256.3427713364363 219.99724927172065
78 253.49607403576374 220.05085211992264
79 250.8376922160387 220.31895131245255
80 248.15570962429047 220.60031670052558
81 245.48580615222454 220.9006863310933
82 242.91177481412888 221.16745638661087
83 240.27797661721706 221.6132001299411
84 237.70143061876297 222.1094844378531
85 235.24607801437378 222.60881303064525
86 232.8132026195526 223.2444850616157
87 230.23789091408253 223.8236961159855
88 227.86687168478966 224.45161084644496
89 225.42431911826134 224.7927795536816
90 223.01211853325367 225.3528773803264
91 220.65471184253693 226.01489740330726
92 218.42432256042957 226.54638994578272
93 216.20619276165962 227.26290396414697
94 214.0733947455883 228.05933294910938
95 211.87502504885197 228.5344980964437
96 209.76307079195976 229.3872921122238
97 207.6720854640007 230.2966069066897
98 205.5145222246647 230.71016091108322
99 203.4192140698433 231.41910803038627
100 201.43887953460217 231.85464167129248
101 199.3587670326233 232.23772211372852
102 197.50797246396542 232.96497864089906
103 195.75218385457993 233.77812271751463
104 193.99288493394852 234.48083502892405
105 192.43104384839535 235.4084197729826
106 191.11646942794323 236.2719290331006
107 189.78375087678432 236.84244826994836
108 188.73652170598507 237.87701777368784
109 188.1413230597973 238.90464292652905
110 188.29881823062897 239.80234934855253
111 189.2841623276472 241.90252152923495
112 191.34414720535278 245.68332020565867
113 193.87130188941956 254.28593348152936
114 194.87240751087666 263.20063819363713
115 193.41077572107315 263.5673370240256
116 190.37813206017017 260.1000245595351
117 187.43264746665955 256.17773722764105
118 184.17783597111702 253.24207935296
119 180.89822691679 251.56152878142893
120 177.7140197902918 250.64795642532408
121 174.57941195368767 249.9107577558607
122 171.4510304480791 249.96063134633005
123 168.39809629321098 249.7299400018528
124 165.3230932354927 249.15324572008103
125 162.50581094622612 249.0783102987334
126 159.8059925287962 248.6473767850548
127 157.2529330700636 248.4682434266433
128 154.7142252177 248.08133783750236
129 152.45686376094818 247.87200072593987
130 150.2831934839487 248.11057177372277
131 148.13772605359554 248.22858702018857
132 146.17371812462807 248.44756052363664
133 144.12700493633747 248.20685489848256
134 142.1985933035612 248.44943675398827
135 140.4550067037344 248.4708429677412
136 138.63344924151897 248.42876363173127
137 136.85310359299183 248.75766328163445
138 135.29283376038074 249.1941475700587
139 133.7908582240343 249.98466143477708
140 132.28640241920948 250.42858299892396
141 130.83460681140423 250.67692553531379
142 129.34939934313297 251.77168320678174
143 128.01806926727295 252.6716471835971
144 126.74847920238972 253.046951668337
145 125.58900864422321 253.8374783359468
146 124.65088707208633 256.2617281842977
147 123.8386982679367 256.65718018077314
148 123.40757662057877 257.0026662386954
149 123.42647044360638 258.2632758403197
150 124.42635035514832 259.504700015299
151 126.86450235545635 257.27925088629127
152 133.5740878432989 251.32083685137331
153 146.20964814722538 256.54786818102
154 156.85643492639065 264.1274208165705
155 154.6374324709177 263.9980694949627
156 147.61334715783596 264.3002276904881
157 141.05129301548004 263.7054654825479
158 135.53084775805473 264.0986927039921
159 131.06504987180233 264.98559878766537
160 127.34749159216881 265.84282190166414
161 124.25302454829216 266.6935915835202
162 121.21584762632847 266.9507241472602
163 118.29327262938023 267.3818891532719
164 115.5982830375433 267.7472743038088
165 113.09967957437038 267.93065290525556
166 110.80788034945726 268.2391549348831
167 108.65667165070772 268.5688748601824
168 106.54685025662184 268.2472047954798
169 104.54262836277485 268.8632800038904
170 102.68223718553782 268.9578174557537
171 101.01843347400427 269.9848026037216
172 99.51765270531178 270.31913570687175
173 97.9947343096137 271.0227630864829
174 96.64071054011583 271.2627439685166
175 95.35066620260477 271.9423232395202
176 94.0271989479661 272.2524691503495
177 92.99105159193277 272.91511879861355
178 91.84994338452816 273.68370481580496
179 90.87866958230734 274.77374970540404
180 89.83231357485056 275.74116284772754
181 89.00982915610075 276.90393944084644
182 88.37076050043106 278.18464737199247
183 87.76506332308054 279.5229224078357
184 87.31507744640112 280.60902635753155
185 87.29528868198395 282.4610792770982
186 87.58048279583454 284.03007134981453
187 88.7751959040761 286.26902344077826
188 91.4997350871563 289.81016125530005
189 98.91261187195778 291.78285101801157
190 117.27705477178097 273.5425909217447
191 125.91276697814465 279.90879960218444
192 121.93138366937637 288.49283283017576
193 117.3535064458847 290.77700543310493
194 113.32310955226421 291.9464842993766
195 109.51683631539345 292.20149554125965
196 106.23333941400051 292.18486953526735
197 103.28716486692429 292.46213673148304
198 100.44899827241898 291.56907350569963
199 97.64749617874622 291.5852450141683
200 95.12083282321692 291.335505717434
201 92.76663994044065 290.72025820426643
202 90.37161934375763 290.3701653154567
203 88.11153516918421 289.95343323610723
204 85.9397382363677 289.3112055421807
205 83.8965401276946 288.9262373270467
206 82.0439159348607 288.97148145735264
207 80.11101754009724 288.8010489298031
208 78.49735117703676 288.74711903138086
209 76.8735828846693 288.85413807444274
210 75.40784803777933 289.4397450964898
211 74.16428327560425 289.3462069230154
212 72.95604559779167 290.1021100450307
213 71.95427386462688 290.58899639733136
214 71.07795286178589 290.9728723317385
215 70.19073598086834 292.03749038651586
216 69.5539406388998 292.6995164267719
217 68.95627161860466 293.59377012681216
218 68.5101878196001 295.61863934248686
219 68.17624792456627 297.29072061460465
220 68.13868616521358 299.873767465353
221 68.49673809111118 303.50203284062445
222 69.44039416313171 308.59633436612785
223 71.33037434518337 317.61741352360696
224 75.27679016441107 332.16384205408394
225 83.74500834196806 355.6847603060305
226 102.1708579286933 366.4988488033414
227 123.93527425080538 330.8456283956766
228 127.22087110579014 286.69787849485874
229 117.19591511785984 272.3032424915582
230 108.32463053613901 269.0048227738589
231 101.80789612233639 268.32753930427134
232 96.13317408412695 268.9264719542116
233 91.24685099720955 270.89864997938275
234 86.94048599153757 273.15195190533996
235 82.90763478726149 275.7396351695061
236 91.92285815626383 248.37410307023674
237 78.74915960431099 250.75765624362975
238 73.20256027579308 252.81649830937386
239 69.23482628166676 254.35830094106495
240 66.12177585065365 256.20819439925253
241 63.543378829956055 258.0386410485953
242 61.306466944515705 259.54550628736615
243 59.20487241446972 261.32542729284614
244 57.26282446831465 262.5348617248237
245 55.450912695378065 263.1757177039981
246 53.92059772461653 264.0787223884836
247 52.45002971589565 264.83939269557595
248 51.028075478971004 265.74946073256433
249 49.627914756536484 266.70812934450805
250 48.40236748382449 268.1923879329115
251 47.12780703604221 269.511477869004
252 45.99274154379964 270.7748551685363
253 44.917439714074135 271.2002449873835
254 43.859198071062565 272.2719506435096
255 42.821323085576296 273.1733384523541
256 41.84919475391507 273.60610069707036
257 40.93751121684909 274.90517607331276
258 40.05056654289365 275.7237934023142
259 39.128722839057446 276.4810095708817
260 38.302863985300064 277.2051860354841
261 37.64763401448727 278.0233216919005
262 36.8763529881835 278.998109864071
263 36.24285574257374 278.8697395371273
264 35.64842028915882 279.00586105138063
265 34.97760124877095 280.4824520070106
266 34.522105149924755 281.7791631836444
267 33.97558666393161 282.17721283249557
268 33.62031424045563 282.6457069478929
269 33.202146615833044 282.5124413892627
270 32.927419781684875 282.9637893307954
271 32.708661215379834 283.640121310018
272 32.74445848725736 284.5096021145582
273 33.01869675144553 286.91996673773974
274 33.87921310402453 289.55366619024426
275 35.55175502598286 291.2035463703796
276 39.81606085598469 295.90829138364643
277 50.657002709805965 279.11862294375896
278 65.75029623508453 271.67827656678855
279 70.983877774328 267.84877234324813
280 65.43867859989405 272.9520070068538
281 59.57650914788246 277.8546665031463
282 54.402753323316574 280.07398822903633
283 49.69743228703737 280.19988510385156
284 45.550106685608625 280.17395545728505
285 42.16442350670695 279.3985575772822
286 39.17559329792857 278.5637109540403
287 36.54596246033907 277.9473345987499
288 34.1439707390964 277.6548656113446
289 32.16164419054985 277.4881021641195
290 30.459365002810955 277.2982105873525
291 28.98106024041772 277.6030621621758
292 27.703012000769377 277.97133961878717
293 26.57066448405385 278.1514858752489
294 25.591103421524167 279.31741618923843
295 24.81285221129656 280.0802599005401
296 24.018370995298028 280.9268798530102
297 23.33673923648894 282.9157524108887
298 22.83155127055943 282.39330858178437
299 22.415958965197206 281.4599678274244
300 22.04152664169669 281.02196246758103
301 22.284308655187488 282.47740721330047
302 23.30146929062903 284.19871141947806
303 24.56867305841297 289.39351457357407
304 26.352450411766768 295.6212742552161
305 27.79850710555911 296.7388040833175
306 29.42598145455122 296.8986094649881
307 33.34783658012748 291.6793180182576
308 37.67978085577488 291.8332246746868
309 40.80458057299256 300.2124528232962
310 44.646322425454855 312.095133241266
311 50.12731296941638 316.10595697909594
312 58.21152754873037 307.88581979833543
313 63.43929159268737 286.28496673330665
314 60.1155738607049 274.98592772334814
315 52.9591594748199 271.82589626684785
316 47.2391156591475 271.4260394629091
317 42.69574271142483 271.74129085987806
318 38.58946508169174 273.1672871299088
319 35.16298147663474 274.80158553272486
320 32.10563666000962 276.9536170549691
321 29.390186823904514 278.45165860280395
322 26.958745962008834 280.56678907573223
323 24.817481527104974 281.38011261820793
324 22.986188111826777 282.3234509639442
325 21.398154785856605 283.0368124190718
326 33.34084665775299 269.9013679828495
327 29.651665341109037 269.42122507467866
328 28.42052418552339 269.1416547540575
329 27.505976542830467 269.00481451675296
330 26.742493556812406 268.9080937169492
331 26.078530438244343 268.81068313121796
332 25.482829477638006 268.74509506858885
333 24.938216045498848 268.70905501395464
334 24.436931647360325 268.7193988226354
335 23.968179574236274 268.72972329705954
336 23.527379408478737 268.7545748874545
337 23.10847084596753 268.8042746093124
338 22.712505858391523 268.8094415459782
339 22.33778635971248 268.85196357034147
340 21.980754813179374 268.88588823005557
341 21.64195954799652 268.93435736373067
342 21.315824842080474 268.97802305966616
343 21.00239599123597 269.0536694880575
344 20.701945260167122 269.1020101606846
345 20.410815816372633 269.15418334305286
346 20.128469390794635 269.23130384646356
347 19.859409948810935 269.2806402295828
348 19.59996165148914 269.3544819355011
349 19.34868497028947 269.4084449671209
350 19.107049332931638 269.47593089938164
351 18.871995778754354 269.53983232192695
352 18.645961755886674 269.6104043647647
353 18.423844125121832 269.68478469736874
354 18.209648724645376 269.7665246501565
355 18.000652259215713 269.8292945921421
356 17.7984117846936 269.92008792608976
357 17.599159201607108 270.0073534324765
358 17.407016277313232 270.0719296541065
359 17.217558840289712 270.13344440981746
360 17.03290835209191 270.19692575000226
361 16.85270382091403 270.2783880010247
362 16.678026719018817 270.35980348289013
363 16.507397580891848 270.4472656752914
364 16.340860031545162 270.5344249010086
365 16.177744425833225 270.613509522751
366 16.01734651066363 270.66942369937897
367 15.861231258139014 270.7365292683244
368 15.707680309191346 270.802762132138
369 15.558057786896825 270.85324881225824
370 15.410840006545186 270.9245279170573
371 15.267322264611721 270.9996803253889
372 15.126217288896441 271.0597186200321
373 14.98744692467153 271.112756613642
374 14.852706676349044 271.1841819435358
375 14.719399597495794 271.25159392505884
376 14.588335674256086 271.28929824754596
377 14.45944768562913 271.35456944815814
378 14.333351153880358 271.42661790177226
379 14.209219217300415 271.47961892932653
380 14.086821051314473 271.53683673776686
381 13.968448279425502 271.6046142578125
382 13.849346088245511 271.67580820433795
383 13.734880864620209 271.73148803412914
384 13.620764909312129 271.79950719326735
385 13.51004995405674 271.8749806191772
386 13.399696351960301 271.92336083203554
387 13.292010204866529 271.9680529050529
388 13.187119262292981 272.045956838876
389 13.082212885841727 272.08090441301465
390 12.980604792013764 272.1526119187474
391 12.878501988947392 272.21796582080424
392 12.779055509716272 272.28529331088066
393 12.679906545206904 272.35459677129984
394 12.582796516828239 272.41945948824286
395 12.487113233655691 272.4823223054409
396 12.392150192521513 272.5543245114386
397 12.29884971678257 272.6293783802539
398 12.206238992512226 272.6736416425556
399 12.115577198565006 272.73053170368075
400 12.026748885400593 272.79506296105683
401 11.939161691814661 272.8559520430863
402 11.851963041350245 272.9342519789934
403 11.765812516212463 273.0098505541682
404 11.681190925650299 273.0881927385926
405 11.597136979922652 273.14298816397786
406 11.513407359831035 273.1985779553652
407 11.43244388885796 273.2757087945938
408 11.351011358201504 273.3317826669663
409 11.270506269298494 273.39442129805684
410 11.191141944378614 273.45249201357365
411 11.113574193790555 273.50212463364005
412 11.035921154543757 273.5812694374472
413 10.959806221537292 273.63699321448803
414 10.884051059372723 273.69349860586226
415 10.809207779355347 273.7664371896535
416 10.735372072085738 273.8180099092424
417 10.662098591215909 273.8737295959145
418 10.590932697057724 273.936106916517
419 10.51807072199881 273.99415788799524
420 10.447663052007556 274.0554351620376
421 10.377662796527147 274.12766822986305
422 10.307687724009156 274.17784928530455
423 10.238863127306104 274.2290943674743
424 10.170160415582359 274.27559527382255
425 10.102405652403831 274.3527630008757
426 10.035700571723282 274.400837700814
427 9.969690804369748 274.4602848049253
428 9.904159647412598 274.5123815629631
429 9.839607088826597 274.56698288954794
430 9.776174368336797 274.62801088765264
431 9.712976378388703 274.6622589491308
432 9.650182320736349 274.7342361807823
433 9.58835282176733 274.7999729439616
434 9.526713396422565 274.85691281966865
435 9.46612349152565 274.91651875525713
436 9.405501392669976 274.9861479662359
437 9.345580963417888 275.04026301018894
438 9.286440094932914 275.1168055348098
439 9.227337687276304 275.1888160649687
440 9.169267555698752 275.2538273893297
441 9.11071143578738 275.30837377905846
442 9.054701822809875 275.37525705993176
443 8.997154125012457 275.4352537728846
444 8.94092077948153 275.50209383666515
445 8.886618149466813 275.55530899204314
446 8.831118371337652 275.61775009147823
447 8.77680768724531 275.6713630706072
448 8.722990673035383 275.7396765500307
449 8.668582987040281 275.79496303759515
450 8.616180003620684 275.8611627854407
451 8.562814878299832 275.9149572327733
452 8.51137760002166 275.9769587665796
453 8.459340408444405 276.04850625246763
454 8.407809983938932 276.1041465681046
455 8.357178955338895 276.15991719439626
456 8.305959224700928 276.22159235179424
457 8.256328553892672 276.26186588034034
458 8.206490982323885 276.32835752889514
459 8.15647041797638 276.3880480416119
460 8.107680027373135 276.4497060738504
461 8.05818153731525 276.50000973045826
462 8.010002797469497 276.5608665384352
463 7.962206139229238 276.63400188088417
464 7.914418804459274 276.68051002919674
465 7.866376510821283 276.7541233897209
466 7.820391290821135 276.79878768883646
467 7.7737382454797626 276.8651387915015
468 7.727123787626624 276.92442238517106
469 7.682316349353641 276.97856747731566
470 7.6362551669590175 277.0279752984643
471 7.590708103496581 277.08000227436423
472 7.545759684871882 277.1401596851647
473 7.501374162733555 277.1876535154879
474 7.457559656351805 277.2432490736246
475 7.413633760996163 277.3005814310163
476 7.369860976934433 277.3630150333047
477 7.3267265553586185 277.4106997102499
478 7.283857177942991 277.4520816206932
479 7.24036486633122 277.5008679423481
480 7.198719198349863 277.55911990627646
481 7.156973885372281 277.59030112437904
482 7.1155510460957885 277.6497718524188
483 7.073710842989385 277.69506794027984
484 7.032675115391612 277.7494410444051
485 6.991729002445936 277.79357585310936
486 6.951263662427664 277.83688558265567
487 6.911447766236961 277.895928747952
488 6.870538952760398 277.9253281466663
489 6.830269024707377 277.9694779701531
490 6.792247787117958 278.0127682723105
491 6.75167289422825 278.0688786916435
492 6.713218201417476 278.1112356763333
493 6.674009399022907 278.16787215694785
494 6.635521308053285 278.2156857829541
495 6.597017331048846 278.2607806585729
496 6.558255094569176 278.307584233582
497 6.520564739592373 278.37223367393017
498 6.482734769117087 278.4137953426689
499 6.445220003370196 278.4626807998866
500 6.408865821547806 278.5066560897976
501 6.371833056211472 278.55485716089606
502 6.335022116545588 278.6072492990643
503 6.29888730449602 278.6510711722076
504 6.262604371178895 278.69675440341234
505 6.227335442323238 278.7411439344287
506 6.191327539272606 278.7797028981149
507 6.155708748381585 278.8287431932986
508 6.120892487466335 278.8789651617408
509 6.08548963163048 278.9198580067605
510 6.050567103549838 278.96758911013603
511 6.015542301349342 279.0199322793633
512 5.980657164938748 279.063883818686
513 5.946751251351088 279.10494996234775
514 5.912162612192333 279.1571012251079
515 5.878410044591874 279.19717709720135
516 5.844439880922437 279.24028208851814
517 5.811099191196263 279.3018146827817
518 5.7780939396470785 279.3424903191626
519 5.745347605086863 279.3926478922367
520 5.711960398126394 279.4429880157113
521 5.679713517893106 279.4950531721115
522 5.646815259475261 279.54044934362173
523 5.614929138217121 279.57282841578126
524 5.5831066579557955 279.62686708942056
525 5.550837777089328 279.65429973229766
526 5.520512230228633 279.6865606866777
527 5.488599546253681 279.74438555538654
528 5.457075755577534 279.77790657803416
529 5.4263159446418285 279.8387224897742
530 5.395347945857793 279.8932732567191
531 5.364007033873349 279.93817917630076
532 5.333628744352609 279.97874200344086
533 5.303368146996945 280.0370661839843
534 5.273590688128024 280.0809652470052
535 5.242904957849532 280.1196729168296
536 5.213288328144699 280.1679256185889
537 5.18349739164114 280.2087600901723
538 5.153728521894664 280.2508286498487
539 5.124345880933106 280.28477966040373
540 5.095252702943981 280.32548934966326
541 5.066123417112976 280.35770934075117
542 5.037807784508914 280.4018277823925
543 5.008941694628447 280.4457763284445
544 4.980465434957296 280.4889824986458
545 4.952010814566165 280.5302161760628
546 4.9235959448851645 280.57603288441896
547 4.895645794458687 280.62741431593895
548 4.867805554065853 280.660972956568
549 4.840081323403865 280.70433473587036
550 4.8128825523890555 280.7509742602706
551 4.785433410666883 280.7923116609454
552 4.758037010207772 280.83508959040046
553 4.730608222540468 280.87319395691156
554 4.703389362897724 280.9123053587973
555 4.676931018941104 280.9583225622773
556 4.649772050324827 281.0095454752445
557 4.6235077586025 281.034185860306
558 4.5963276592083275 281.0724705196917
559 4.57082962943241 281.1190123781562
560 4.544017123058438 281.15888337790966
561 4.5181768499314785 281.21226896345615
562 4.492086050100625 281.25319899618626
563 4.4664934682659805 281.3039272390306
564 4.441169644705951 281.33016692474484
565 4.415513360872865 281.37944627180696
566 4.390020829159766 281.41361363977194
567 4.365260335616767 281.4624637365341
568 4.339842196088284 281.48715825378895
569 4.314651329535991 281.52642591297626
570 4.289899291237816 281.57514169439673
571 4.26513126748614 281.6030165851116
572 4.240867963759229 281.65579776093364
573 4.216570185031742 281.6844617575407
574 4.191950174048543 281.73018272966146
575 4.167755573987961 281.77268869429827
576 4.143676122650504 281.8039126396179
577 4.119963483419269 281.853093534708
578 4.09609643695876 281.8907350972295
579 4.072552186436951 281.90748588740826
580 4.0490248734131455 281.95066472142935
581 4.025404105661437 281.9883454144001
582 4.0022619718220085 282.0343137048185
583 3.9783854647539556 282.06859942525625
584 3.9553876880090684 282.0990523137152
585 3.932623327942565 282.1418831497431
586 3.909513045102358 282.19386303797364
587 3.886434749700129 282.23202219977975
588 3.864024169044569 282.26460655778646
589 3.8416160533670336 282.3235017322004
590 3.819184681167826 282.36755511909723
591 3.7969250618480146 282.4013490304351
592 3.774444456445053 282.46189174056053
593 3.7528460507746786 282.4995916560292
594 3.7310308958403766 282.5321110971272
595 3.709033331135288 282.57447700574994
596 3.687354468042031 282.61875876039267
597 3.665495792403817 282.65370716154575
598 3.6440592273138463 282.6864943727851
599 3.6226959289051592 282.72686820849776
600 3.6015064590610564 282.75480537861586
601 3.580841229762882 282.786956589669
602 3.5595310830976814 282.83073626458645
603 3.538516010157764 282.8641945756972
604 3.5181159812491387 282.9037738405168
605 3.4970928141847253 282.93589785695076
606 3.4767561992630363 282.9654358327389
607 3.4559557095635682 283.0044081583619
608 3.4355704851914197 283.0361269339919
609 3.4155368600040674 283.0783358514309
610 3.3954994005616754 283.09260738641024
611 3.3756870937068015 283.12757880985737
612 3.3554004488978535 283.1530492976308
613 3.3360377508215606 283.18092182278633
614 3.31623396393843 283.2299911826849
615 3.2970036971382797 283.251819267869
616 3.277718234807253 283.2933923341334
617 3.2586117738392204 283.3165616467595
618 3.239162180805579 283.3446425125003
619 3.2202462523709983 283.3696542493999
620 3.201357936253771 283.41045805066824
621 3.182377648539841 283.454062808305
622 3.163920162245631 283.48044458031654
623 3.1453794087283313 283.52454663813114
624 3.1264913342893124 283.56180499494076
625 3.10779615980573 283.5866708084941
626 3.0895522381179035 283.61662189662457
627 3.071030901512131 283.65321454033256
628 3.0524707757867873 283.6822429895401
629 3.0342834410257638 283.7343386411667
630 3.015979540767148 283.7623817920685
631 2.9980383492074907 283.7915320619941
632 2.980257494142279 283.8244902640581
633 2.9621911391150206 283.848343744874
634 2.944930725498125 283.8754346370697
635 2.927217608317733 283.9046613276005
636 2.910029972437769 283.93610141053796
637 2.8921389603056014 283.9573795385659
638 2.8748880242928863 283.99232014268637
639 2.857733888551593 284.02140840888023
640 2.840268637984991 284.0593945607543
641 2.823283834150061 284.07020477950573
642 2.8059945178683847 284.11436861753464
643 2.789069633698091 284.1372152790427
644 2.772320832358673 284.1779302060604
645 2.755468232324347 284.19509249180555
646 2.738405979471281 284.22856687009335
647 2.722066106973216 284.25297398865223
648 2.7051039750222117 284.29630690068007
649 2.688628725707531 284.32979326695204
650 2.672197176842019 284.3675222992897
651 2.65562124340795 284.3830899335444
652 2.639765586005524 284.4174879901111
653 2.6234429124742746 284.4519215375185
654 2.6075014991220087 284.46320424228907
655 2.591628798050806 284.50360269472003
656 2.575576231116429 284.5360474213958
657 2.5596263613551855 284.56675908342004
658 2.5436174236238003 284.59468111768365
659 2.527737512253225 284.6177852973342
660 2.512242001714185 284.65577690303326
661 2.4965072395280004 284.69687481224537
662 2.4811146471183747 284.71601517498493
663 2.4656510779168457 284.7507090717554
664 2.4502421983052045 284.79187393188477
665 2.4348310553468764 284.79892908781767
666 2.419612379744649 284.8521857634187
667 2.4047073118854314 284.8820598088205
668 2.3892576422076672 284.9153973944485
669 2.3745571456383914 284.94662468135357
670 2.359561311081052 284.99311251938343
671 2.3447664733976126 285.0362258180976
672 2.3300850081723183 285.04956294968724
673 2.3156706974841654 285.08136089891195
674 2.3008357586804777 285.1239190995693
675 2.2866153004579246 285.1419265717268
676 2.2719314300920814 285.17395439743996
677 2.2574932675343007 285.19186563789845
678 2.243156207143329 285.2307215258479
679 2.2290946977445856 285.240675278008
680 2.2145597719354555 285.28105472773314
681 2.2010850158985704 285.2864497900009
682 2.186869675060734 285.30783973261714
683 2.1731380589772016 285.3306924700737
684 2.159420233918354 285.34927310049534
685 2.145660607609898 285.3941160775721
686 2.131960569997318 285.40217136219144
687 2.118192807538435 285.41587908566
688 2.105130648938939 285.44328019768
689 2.091527422424406 285.4645748883486
690 2.0780457691289485 285.4991002380848
691 2.0649831854971126 285.520830437541
692 2.0515253110788763 285.5406999140978
693 2.038477340945974 285.5722869336605
694 2.025433459202759 285.58987425267696
695 2.012287221266888 285.62276653945446
696 1.9994503386551514 285.64547900110483
697 1.9864160519791767 285.66048197448254
698 1.9738127734744921 285.6898199170828
699 1.9611120368354023 285.7238150537014
700 1.9486443084897473 285.744215503335
701 1.9359051182400435 285.77685809507966
702 1.9232407994568348 285.8083413913846
703 1.910713282530196 285.84834249317646
704 1.898588567157276 285.8687249943614
705 1.886125990189612 285.9179992750287
706 1.873989345622249 285.9617203846574
707 1.861797682591714 285.9855621010065
708 1.8496587929548696 286.0244747772813
709 1.8375574527308345 286.05873403698206
710 1.8257984980009496 286.08581829816103
711 1.8136569751659408 286.12801687046885
712 1.8018346299650148 286.1600369513035
713 1.7900157554540783 286.22240825742483
714 1.7782271794276312 286.2331791073084
715 1.7666320309508592 286.27534153312445
716 1.755062457639724 286.2955991253257
717 1.7436660780804232 286.336418017745
718 1.7320713513763621 286.36408741772175
719 1.7208207885269076 286.383837364614
720 1.7096239097882062 286.4130283072591
721 1.6983571412274614 286.4656197875738
722 1.687222408130765 286.5017095282674
723 1.6761152002727613 286.53744227439165
724 1.6653050957247615 286.5790133886039
725 1.6543497919337824 286.608685195446
726 1.6437464246992022 286.65811932086945
727 1.6326227941317484 286.6697571501136
728 1.6218647027853876 286.7189550995827
729 1.6111267351079732 286.7473831549287
730 1.6005020522279665 286.78450594842434
731 1.589437353075482 286.809710688889
732 1.5790913640521467 286.8200732804835
733 1.5685488301096484 286.8537738509476
734 1.5580925744725391 286.8646064437926
735 1.5478333306964487 286.8919478878379
736 1.5372306432109326 286.9311768338084
737 1.5270579243078828 286.9715897217393
738 1.5169594844337553 286.9831173233688
739 1.5065566407283768 287.0001627802849
740 1.496530850068666 287.03185798972845
741 1.4863280145218596 287.0391071289778
742 1.476714133634232 287.0714109092951
743 1.4667621973203495 287.07705054432154
744 1.4567696666345 287.1121900193393
745 1.4472938685212284 287.1394143253565
746 1.437676252797246 287.14692854881287
747 1.428189181140624 287.17736511304975
748 1.418596182949841 287.1947673037648
749 1.4094046265818179 287.20979656279087
750 1.4000512838829309 287.2374235019088
751 1.3905584907042794 287.2628062367439
752 1.3812304253224283 287.2593062147498
753 1.372078753192909 287.29577301070094
754 1.3629303448833525 287.3014259636402
755 1.353477836935781 287.3170199468732
756 1.3446449093753472 287.34806034713984
757 1.335764754214324 287.36343751847744
758 1.326755371177569 287.3730780892074
759 1.3180422293953598 287.3948672413826
760 1.30919033579994 287.39885064959526
761 1.3008694142336026 287.41623228788376
762 1.2920815917896107 287.4384508244693
763 1.2835431209532544 287.4488327242434
764 1.2753399072098546 287.46517733484507
765 1.267348472494632 287.47824539989233
766 1.2590966509305872 287.4628127068281
767 1.2514408306451514 287.4882507137954
768 1.2434239512076601 287.4963897690177
769 1.235762701020576 287.5078382566571
770 1.2282963128527626 287.51069052517414
771 1.221202690678183 287.5305452346802
772 1.2141940024448559 287.5407649278641
773 1.207526448124554 287.5262727960944
774 1.2012024522409774 287.52354975789785
775 1.1951362423715182 287.53949777036905
776 1.1897858417360112 287.54156563431025
777 1.184532060753554 287.54817214235663
778 1.1796572820749134 287.5797431655228
779 1.1756668236339465 287.60673197358847
780 1.172173092723824 287.62987254559994
781 1.170151955098845 287.6641887575388
782 1.1691569879185408 287.74415662139654
783 1.1695886582601815 287.82853294909
784 1.1734599383780733 287.97850599884987
785 1.181508767302148 288.20338966324925
786 1.1977802970213816 288.5049600377679
787 1.2233484299504198 288.91865099593997
788 1.2612400173675269 289.3611811697483
789 1.3150478394236416 289.5728628002107
790 1.3913476318120956 289.32897268235683
791 1.4722721391590312 288.7621063962579
792 1.5025744524318725 288.3918507620692
793 1.4869114143075421 288.33915300294757
794 1.4598087694030255 288.47800301760435
795 1.4357263593701646 288.63656644150615
796 1.4152612437028438 288.79170470684767
797 1.3975383858196437 288.93863371759653
798 1.3822291650576517 289.0508490167558
799 1.3684042640961707 289.17549480497837
800 1.3568370128050447 289.2785558849573
801 1.346793757402338 289.38713386654854
802 1.3386680005351081 289.5017226561904
803 1.3319172641495243 289.6145659983158
804 1.3277301506605 289.72465900331736
805 1.325525552383624 289.84293512254953
806 1.325777885504067 289.9675706103444
807 1.3289650591905229 290.1088211014867
808 1.3359809850226156 290.26697285845876
809 1.346893620560877 290.44413347542286
810 1.3633990501984954 290.6749945394695
811 1.3873193211620674 290.93693155795336
812 1.4212811277247965 291.2839714474976
813 1.4688476484734565 291.73548305779696
814 1.5370682009961456 292.29265570640564
815 1.6326684618834406 292.9346215054393
816 1.7659897829871625 293.4703158028424
817 1.9363483302295208 293.5279588997364
818 2.118560486822389 292.85499946400523
819 2.2605458105681464 291.88034138828516
820 2.3317141274455935 291.1204199567437
821 2.3409247554372996 290.62742368131876
822 2.3077859554905444 290.3043863475323
823 2.2522715299855918 290.1064790934324
824 2.185561183374375 289.9984449967742
825 2.11305094207637 289.92946530506015
826 2.0378805614309385 289.89637626707554
827 1.9615554718766361 289.89210183918476
828 1.8838756441837177 289.9157951846719
829 1.808182365493849 289.9416872486472
830 1.7335494646104053 289.9758243858814
831 1.6612657834775746 290.00853784009814
832 1.5920141548849642 290.03843941539526
833 1.525451143621467 290.0692585334182
834 1.4625187846831977 290.0886348411441
835 1.4039898954797536 290.11623464524746
836 1.3497857347829267 290.1238716170192
837 1.2999404900474474 290.12392151355743
838 1.2549479610752314 290.12312941998243
839 1.2144788528094068 290.1102191582322
840 1.178300344152376 290.0948919132352
841 1.145926302531734 290.0822710841894
842 1.1172090388135985 290.0684534534812
843 1.0913893776014447 290.0716040469706
844 1.0683051606174558 290.06833016872406
845 1.047288160189055 290.0516424179077
846 1.02834643953247 290.0456977263093
847 1.0109405582188629 290.0492186024785
848 0.995035388157703 290.04235634580255
849 0.9805363331106491 290.0397609695792
850 0.9669450495857745 290.0290973521769
851 0.9543461413122714 290.0321377068758
852 0.9424338209209964 290.03257989510894
853 0.9310215613804758 290.0217571556568
854 0.9206624388461933 290.0053940489888
855 0.910339099180419 290.0022566653788
856 0.9009184482856654 289.989941842854
857 0.8917656589183025 289.96908297389746
858 0.8827473491546698 289.9554065987468
859 0.8744192418525927 289.93645315617323
860 0.8661539128515869 289.91043726727366
861 0.8584451991482638 289.8860689252615
862 0.8506780078168958 289.86112556234
863 0.8433550583431497 289.8300212621689
864 0.8363886959850788 289.8024199642241
865 0.829325302504003 289.78437589108944
866 0.8228457713848911 289.7429100573063
867 0.8164394348859787 289.7177907079458
868 0.8099861880182289 289.6765865236521
869 0.8043078781920485 289.6542881280184
870 0.7982151887845248 289.6115323007107
871 0.792777068039868 289.5644819661975
872 0.7878832459100522 289.5071858689189
873 0.7825689209857956 289.4462294578552
874 0.7776945065706968 289.37899016588926
