1 27569.75945997238 6537.915294647217
2 15045.576936244965 4814.563853263855
3 11778.351428508759 3885.829598903656
4 9436.083567023277 3151.7188036441803
5 7249.209083199501 2312.700729370117
6 5317.462023139 1815.857743024826
7 3969.9338448643684 1291.5080157518387
8 2968.952983736992 1058.888759613037
9 2416.733271896839 869.0401813983917
10 1996.367171138525 746.8183195888996
11 1746.8035304546356 670.655321136117
12 1540.0782285928726 602.9915974214673
13 1377.311471104622 558.8917239308357
14 1271.3515896499157 529.4638768285513
15 1193.5740776956081 508.85650250315666
16 1136.2966717630625 494.7576962336898
17 1090.6890786290169 483.937974229455
18 1053.0510304421186 474.3033989146352
19 1021.6392007768154 468.0650821775198
20 995.1409491300583 463.4380525648594
21 970.8017926216125 459.71126621961594
22 948.8979022502899 456.7762794941664
23 928.6394884884357 454.5065357387066
24 909.2713975608349 453.33320301771164
25 891.0234604477882 452.56624525785446
26 873.872638374567 452.08858171105385
27 857.7642988860607 451.70687913894653
28 842.5888145267963 451.79478695988655
29 828.1817864179611 452.1774762272835
30 814.2857323288918 452.70240783691406
31 800.9724636077881 453.058580391109
32 788.241249859333 453.38544584810734
33 775.8831333518028 454.080002643168
34 764.0889085829258 454.06597627699375
35 751.8144209682941 455.24434082210064
36 739.9067143201828 456.5395908653736
37 728.4380942285061 457.2140422165394
38 716.9374795556068 458.24332063645124
39 705.6274788975716 459.34494487196207
40 694.402390897274 460.5976466014981
41 683.4053928852081 462.2553065791726
42 672.552537381649 464.05267667770386
43 662.1416448056698 465.37313432991505
44 651.7778209447861 467.4857186600566
45 641.5480099022388 468.9045680463314
46 631.6255387663841 470.6193150430918
47 621.8934679329395 472.2811679840088
48 612.361035734415 473.53569035232067
49 602.8911511898041 474.95248030126095
50 593.7194463312626 476.3441618680954
51 584.5792074352503 477.72057968378067
52 575.670952513814 479.1222747415304
53 566.7918970435858 479.98303920030594
54 558.1010975539684 481.0990886092186
55 549.6265001147985 482.77779349684715
56 541.2807320654392 484.8290701955557
57 533.0008843839169 485.9690590649843
58 524.8086690455675 487.5493126362562
59 516.684773221612 488.8910031616688
60 508.60121127963066 490.1797517836094
61 500.59017296135426 491.45140224695206
62 492.7516994327307 492.60293060541153
63 485.0496917665005 493.88815385103226
64 477.3967712074518 495.15135383605957
65 469.9084373116493 496.2373967766762
66 462.4396802186966 497.42563104629517
67 455.0386215299368 498.70747235417366
68 447.76103587448597 499.8488850593567
69 440.54571557044983 500.8764724433422
70 433.39396481215954 501.92176961898804
71 426.3435141593218 502.8809064030647
72 419.34580793976784 503.83763295412064
73 412.5050610601902 504.75042474269867
74 405.71386347711086 505.69935327768326
75 399.08111304044724 506.7508387565613
76 392.46469344198704 507.8609184026718
77 385.919722661376 508.9392387866974
78 379.53706991672516 509.9097880125046
79 373.16033694148064 511.02540439367294
80 366.9361723661423 511.9688181579113
81 360.7146766334772 513.1489618420601
82 354.58895510435104 514.4540665447712
83 348.58093190193176 515.5390330255032
84 342.5329372882843 516.7908402681351
85 336.6122338026762 517.898358553648
86 330.7105616182089 519.2571859955788
87 324.90501111745834 520.4223458468914
88 319.1416804715991 521.5373820066452
89 313.40823486447334 522.7374064326286
90 307.7985798344016 523.9932284355164
91 302.2230779379606 525.2245747447014
92 296.7264614701271 526.2295674085617
93 291.28540313243866 527.3250550329685
94 285.8738014549017 528.5288214683533
95 280.5083917155862 529.7435477972031
96 275.22206911444664 531.2400359809399
97 269.9751878231764 532.5430068969727
98 264.85106217861176 533.840220361948
99 259.7691631987691 535.0676529705524
100 254.7507105693221 536.2640574872494
101 249.75969150662422 537.4266998171806
102 244.86814035475254 538.6274120509624
103 240.0389931872487 539.908019721508
104 235.29115821421146 541.0790727138519
105 230.54760909080505 542.3262556791306
106 225.90241512656212 543.5152153968811
107 221.29118444770575 544.6770773530006
108 216.74205324053764 545.9512214660645
109 212.23892087489367 547.1726130843163
110 207.8036264590919 548.3104479312897
111 203.43447417393327 549.5234056711197
112 199.13330440595746 550.370633482933
113 194.88433108851314 551.3779593110085
114 190.70503126829863 552.1909839510918
115 186.58954013884068 553.2014399766922
116 182.48179953545332 554.2037233114243
117 178.45540563762188 555.1678642034531
118 174.45955163612962 556.2501293420792
119 170.57004813477397 557.1525490283966
120 166.703963175416 558.0314050912857
121 162.89579336717725 559.0523252487183
122 159.10108863189816 560.0305306911469
123 155.39731071144342 561.2762352824211
124 151.77644177526236 561.9013332724571
125 148.19375825673342 562.8800074458122
126 144.67583454027772 563.7113016247749
127 141.22281497344375 564.8249485492706
128 137.84674371778965 565.5892363786697
129 134.49798901379108 566.5535856485367
130 131.22410378605127 567.5204483270645
131 127.98066265136003 568.6243042945862
132 124.84178584814072 569.600443303585
133 121.73102220892906 570.6711456775665
134 118.71166347712278 571.3899564743042
135 115.72949136421084 572.4888393878937
136 112.85109743103385 573.5147486329079
137 109.99902487173676 574.2210630178452
138 107.22872365266085 574.9862468242645
139 104.5432032905519 575.8740669488907
140 101.90320414677262 577.0014865398407
141 99.36520687118173 577.8090687990189
142 96.89287913963199 578.3341029882431
143 94.5139193739742 579.0857753753662
144 92.2525837700814 579.6636995077133
145 90.10809323564172 580.5093533992767
146 88.08903344348073 580.9741147756577
147 86.2133611086756 581.5624206662178
148 84.58482475578785 582.2142229676247
149 83.2637484446168 582.606501698494
150 82.42162893898785 582.9058357477188
151 82.44731268286705 583.4844403266907
152 84.34564664959908 584.8323802947998
153 91.62461746670306 589.529937505722
154 114.98616001754999 561.4760002493858
155 140.75421811640263 557.5121397972107
156 164.20841515809298 560.8514568805695
157 167.52099859714508 561.7934991121292
158 161.27665938436985 566.206836104393
159 153.14137844741344 568.1281708478928
160 145.2073032706976 568.5777615308762
161 137.70240031927824 568.8965134620667
162 130.80605924129486 569.3369057178497
163 124.49431779235601 569.8943615555763
164 118.53525101393461 570.6756253838539
165 113.02515456080437 571.5378708839417
166 107.81314935535192 572.4024795889854
167 102.87125966697931 573.3833075165749
168 98.23728160560131 574.1937429904938
169 93.8827336654067 575.1823620200157
170 89.8027206659317 576.1759970188141
171 85.97739325836301 577.0980751514435
172 82.4104135632515 578.1713716983795
173 79.06677358597517 579.3025878667831
174 76.0115272179246 580.2881796956062
175 73.17740512639284 581.1310569047928
176 70.5627782791853 582.0287210941315
177 68.17570555955172 583.1886376142502
178 66.07427836954594 584.2340452671051
179 64.20690254494548 585.2328230142593
180 62.60033027082682 586.0632417201996
181 61.31854955293238 587.0516982078552
182 60.41038013622165 587.9582848548889
183 60.019057627767324 589.0229972600937
184 60.39268430508673 590.0327089428902
185 61.943803030997515 590.8430307507515
186 65.83968156576157 591.5312995910645
187 75.09259698167443 592.7682914733887
188 100.55415201373398 591.8677045106888
189 159.54359009861946 648.3316977620125
190 184.42154274880886 659.0808990001678
191 157.60979630053043 625.1946622133255
192 139.9712278842926 610.7402018904686
193 127.6629314571619 603.8884546160698
194 117.76436106860638 600.1282511353493
195 109.2831504791975 598.0595117807388
196 101.69517944008112 596.8705589771271
197 94.71870220452547 595.9900432825089
198 88.24315358325839 595.1974295377731
199 82.2235904186964 594.5224422812462
200 76.64397444203496 593.8164705038071
201 92.7257369235158 573.4574871063232
202 80.50675358995795 573.5935455560684
203 77.71470630168915 573.5787185430527
204 75.59888955205679 573.6149859428406
205 73.76392128318548 573.6969999074936
206 72.0911252759397 573.8168398737907
207 70.53427473828197 573.9293320178986
208 69.06871449202299 574.0342342853546
209 67.67914936318994 574.1409265995026
210 66.35534819960594 574.243431687355
211 65.0915731228888 574.3572888374329
212 63.88652465492487 574.4656688570976
213 62.73390796780586 574.5607763528824
214 61.627290949225426 574.673332631588
215 60.56702719628811 574.7811194658279
216 59.54759323596954 574.8743617534637
217 58.56711322814226 574.9684228897095
218 57.623899430036545 575.0704528093338
219 56.71078464016318 575.1677471995354
220 55.831404734402895 575.2489843964577
221 54.97930571436882 575.3380116820335
222 54.15442480891943 575.4222952127457
223 53.354072108864784 575.4997992515564
224 52.57868963852525 575.5693397521973
225 51.82540085166693 575.6450807452202
226 51.09318828582764 575.7188541889191
227 50.38063468784094 575.7857909202576
228 49.68639435619116 575.8492319583893
229 49.012026734650135 575.8987777233124
230 48.35335015133023 575.9481637477875
231 47.71215567365289 576.0027549862862
232 47.085135117173195 576.0570086836815
233 46.47269020229578 576.1201012134552
234 45.87552523612976 576.1694279909134
235 45.291355438530445 576.2345052361488
236 44.720449317246675 576.2896973490715
237 44.161971248686314 576.3426830172539
238 43.61384814232588 576.3930484652519
239 43.077366054058075 576.4507402181625
240 42.5515263043344 576.4979194402695
241 42.03651938959956 576.5499583482742
242 41.53216688334942 576.5922451615334
243 41.03617849200964 576.6481321454048
244 40.548880741000175 576.7032952308655
245 40.07122999802232 576.7427016496658
246 39.60272087901831 576.7726980447769
247 39.14240689203143 576.8134971857071
248 38.689980525523424 576.8468157052994
249 38.24558316171169 576.8851892948151
250 37.808534847572446 576.922585606575
251 37.37946785800159 576.9590326547623
252 36.95691484771669 576.9933728575706
253 36.54131409153342 577.0219693183899
254 36.1326155718416 577.0599504113197
255 35.730567986145616 577.0931988954544
256 35.33498814702034 577.1413049697876
257 34.94537967257202 577.1752179861069
258 34.5617475733161 577.2102261781693
259 34.184618381783366 577.2443682551384
260 33.81244374252856 577.2772498130798
261 33.44650864042342 577.3111518025398
262 33.08436377346516 577.3456562757492
263 32.728212827816606 577.3883798122406
264 32.37767306342721 577.4279044866562
265 32.03086977265775 577.4671550989151
266 31.68970468081534 577.5101671218872
267 31.353388354182243 577.5507773160934
268 31.021694028750062 577.596974670887
269 30.69441215507686 577.6400918364525
270 30.370653461664915 577.6813158988953
271 30.051473762840033 577.723525583744
272 29.736557882279158 577.760901093483
273 29.425349151715636 577.8118554353714
274 29.118731796741486 577.8537827730179
275 28.816079668700695 577.8956615924835
276 28.516905611380935 577.9297882914543
277 28.222221294417977 577.9798071980476
278 27.930415831506252 578.0288690328598
279 27.641796896234155 578.070977807045
280 27.357299622148275 578.1158448457718
281 27.07610595598817 578.1649245619774
282 26.79843152873218 578.2155530452728
283 26.522754453122616 578.2592319250107
284 26.251842038705945 578.3058199882507
285 25.983054583892226 578.353558421135
286 25.717877496033907 578.4024190306664
287 25.455605370923877 578.4518152475357
288 25.19614490494132 578.4999777078629
289 24.939943689852953 578.5433945059776
290 24.686614645645022 578.5978775024414
291 24.436535350978374 578.6457586288452
292 24.188672188669443 578.6894572973251
293 23.9430459626019 578.7337717413902
294 23.700371423736215 578.7838809490204
295 23.460409244522452 578.8335576057434
296 23.2234803494066 578.8871685266495
297 22.98888953216374 578.9355809092522
298 22.755882805213332 578.991163611412
299 22.526239620521665 579.0431903600693
300 22.298541381955147 579.0966616868973
301 22.073903560638428 579.1482692956924
302 21.85075046494603 579.2055855989456
303 21.63042060099542 579.2538196444511
304 21.41183721087873 579.3063141107559
305 21.196161346510053 579.3571304678917
306 20.982276322320104 579.4077157974243
307 20.77087732963264 579.4464700222015
308 20.561223378404975 579.4991430044174
309 20.353748006746173 579.5548021793365
310 20.148362800478935 579.6085550189018
311 20.488581903278828 582.6472474336624
312 20.21694410732016 582.4665125608444
313 19.97234539873898 582.3657540082932
314 19.74003149056807 582.2921981811523
315 19.516546220052987 582.2494359016418
316 19.300101954489946 582.2193474769592
317 19.089159895665944 582.2057379484177
318 18.882872603368014 582.206437766552
319 18.680812985636294 582.2159350514412
320 18.481704473495483 582.2342323064804
321 18.285733074881136 582.2542657852173
322 18.093041708227247 582.2807052135468
323 17.902498451061547 582.310037791729
324 17.715249030850828 582.3384192585945
325 17.529569854494184 582.3715069293976
326 17.34649892197922 582.4106704592705
327 17.165552395861596 582.4469174146652
328 16.986306043341756 582.4937670230865
329 16.809404753148556 582.5300640463829
330 16.634352574124932 582.5756853818893
331 16.461148120462894 582.6191322803497
332 16.28974973410368 582.6676054000854
333 16.120039344765246 582.7133817076683
334 15.952152913436294 582.7618162631989
335 15.786116350442171 582.8025684952736
336 15.621326051652431 582.8530743122101
337 15.458118483889848 582.8908759355545
338 15.296643036417663 582.9381995201111
339 15.13726952811703 582.9907035827637
340 14.979033309500664 583.0366859436035
341 14.822024466469884 583.0956111550331
342 14.666905012913048 583.1487050056458
343 14.512528538703918 583.203027009964
344 14.360157513059676 583.2550035715103
345 14.209215011447668 583.3102833628654
346 14.059549319557846 583.3623396754265
347 13.911198881920427 583.4172078371048
348 13.764387506991625 583.4663335084915
349 13.618903319351375 583.5169968605042
350 13.47438704688102 583.5766848325729
351 13.331311348360032 583.6294801235199
352 13.189788444899023 583.6842020153999
353 13.049628191627562 583.7382677197456
354 12.91040502442047 583.7996454834938
355 12.77276383433491 583.8583537340164
356 12.636128420010209 583.9145287871361
357 12.500449747312814 583.9675621390343
358 12.366047476418316 584.0236700773239
359 12.233071808703244 584.08136510849
360 12.101031464058906 584.1381888389587
361 11.97043829690665 584.1946210861206
362 11.840791291557252 584.2498971819878
363 11.712245524860919 584.3005691766739
364 11.584736331831664 584.3566180467606
365 11.458736815489829 584.4135068655014
366 11.333515546284616 584.4667336940765
367 11.20953739900142 584.521586060524
368 11.086712326388806 584.5782166719437
369 10.964693839661777 584.641401052475
370 10.844039015471935 584.6974551081657
371 10.724051130004227 584.7612705230713
372 10.605501095298678 584.8179377317429
373 10.48772385623306 584.8773949146271
374 10.371241327840835 584.9364220499992
375 10.255755735561252 584.9962320327759
376 10.140861123334616 585.0562726855278
377 10.027125833556056 585.121179997921
378 9.914547426160425 585.1766592264175
379 9.80249997926876 585.2350705265999
380 9.691835761535913 585.2937697172165
381 9.581827791873366 585.3535220623016
382 9.47294328152202 585.413088798523
383 9.364785402547568 585.4750249385834
384 9.257639732211828 585.5287625789642
385 9.151334942085668 585.5895332098007
386 9.046306935371831 585.6470348834991
387 8.941827275324613 585.7022847533226
388 8.83855691505596 585.7578821778297
389 8.735450297826901 585.812381207943
390 8.633828076533973 585.8707213401794
391 8.532826665788889 585.931923031807
392 8.433021452277899 585.9843292236328
393 8.333981275791302 586.0447752475739
394 8.23569623590447 586.1049753427505
395 8.138464916497469 586.1630343198776
396 8.041817428078502 586.2211151719093
397 7.946498330682516 586.2809114456177
398 7.851593951461837 586.3418864607811
399 7.757992540486157 586.3987844586372
400 7.664632868021727 586.4563890695572
401 7.572231604717672 586.5142875313759
402 7.480777423363179 586.5685081481934
403 7.390058502089232 586.6215525865555
404 7.299931990914047 586.672362446785
405 7.210860618855804 586.7271193861961
406 7.122610489604995 586.7821460962296
407 7.034974757581949 586.8421037197113
408 6.948052319232374 586.891748726368
409 6.862043488537893 586.9519941806793
410 6.776852828450501 586.9991129636765
411 6.6923184061888605 587.0571150779724
412 6.608265473740175 587.1117576360703
413 6.525417931610718 587.165765106678
414 6.443052533781156 587.2243792414665
415 6.361524369800463 587.2785367965698
416 6.280672561377287 587.3299642801285
417 6.200552260037512 587.3883098363876
418 6.121369394706562 587.4428235292435
419 6.042653594631702 587.4971281886101
420 5.964809354860336 587.5468453764915
421 5.887727247783914 587.6019179821014
422 5.810792041709647 587.6581085920334
423 5.734959362773225 587.7061886787415
424 5.6599297588691115 587.761700630188
425 5.585377207957208 587.813929438591
426 5.511695986846462 587.8687236309052
427 5.438540504779667 587.9201609492302
428 5.366191861219704 587.9742492437363
429 5.294273057952523 588.0297154188156
430 5.223374041030183 588.0765552520752
431 5.152792151551694 588.1239886283875
432 5.083138173213229 588.1731543540955
433 5.013988099060953 588.2217289805412
434 4.945659442804754 588.2790747880936
435 4.877681310754269 588.3276485204697
436 4.810563376871869 588.376373052597
437 4.744168313685805 588.4214869737625
438 4.678062503924593 588.4708958864212
439 4.612851822283119 588.5137151479721
440 4.548368850722909 588.5620993375778
441 4.484280843753368 588.6107529997826
442 4.421042844420299 588.6566784381866
443 4.358231152640656 588.7001174688339
444 4.296071930322796 588.7465380430222
445 4.234555460512638 588.7974858880043
446 4.173575883265585 588.8428756594658
447 4.113328293315135 588.8926634788513
448 4.053576918900944 588.9359180927277
449 3.9945527685340494 588.9904919862747
450 3.9360234749037772 589.0371990203857
451 3.878121983492747 589.0768165588379
452 3.8207913560327142 589.1286148428917
453 3.7640684698708355 589.1673082113266
454 3.707926692441106 589.2149547338486
455 3.6522604301571846 589.2552213668823
456 3.5971301038516685 589.3019794225693
457 3.5426656182389706 589.3444982171059
458 3.488613072084263 589.3932467699051
459 3.4351473714923486 589.4410592317581
460 3.382291516289115 589.4829080104828
461 3.3298668970819563 589.5293972492218
462 3.2782232215395197 589.5746459364891
463 3.226945645874366 589.6207596063614
464 3.176220602937974 589.6659052968025
465 3.126075932639651 589.7065399289131
466 3.076331704389304 589.7511123418808
467 3.027213984518312 589.7871115207672
468 2.9788668206892908 589.838579595089
469 2.930709731183015 589.8834822177887
470 2.8830993099836633 589.920593380928
471 2.83619254862424 589.9652633666992
472 2.78953093115706 590.01458132267
473 2.743607647716999 590.0547394752502
474 2.697981931036338 590.1004937887192
475 2.65308058145456 590.1404995322227
476 2.6085060568293557 590.1782759428024
477 2.564551238436252 590.221773982048
478 2.521058846730739 590.2610446214676
479 2.478043479146436 590.307165145874
480 2.4354235497303307 590.3444420695305
481 2.393376280553639 590.3808549046516
482 2.3518427894450724 590.4265893697739
483 2.3108357931487262 590.4614017009735
484 2.269993347930722 590.506579220295
485 2.2299545677378774 590.5445786118507
486 2.1901641517179087 590.5783930420876
487 2.151099843904376 590.6203891038895
488 2.1122786668129265 590.6605136394501
489 2.074008839088492 590.7092874646187
490 2.036325367516838 590.7451913356781
491 1.9989076702622697 590.7934374809265
492 1.9620212413137779 590.8345087766647
493 1.9255943962489255 590.8703502416611
494 1.8895482125808485 590.9070734977722
495 1.8540076389326714 590.9488478899002
496 1.818874936318025 590.9862654209137
497 1.7842153636738658 591.0296158194542
498 1.7499131932854652 591.0653020143509
499 1.7162099276902154 591.1057150363922
500 1.6828141389996745 591.135929107666
501 1.649883016536478 591.1747202277184
502 1.6172707487130538 591.2047958374023
503 1.5852057405281812 591.2433913946152
504 1.553593105985783 591.2725995779037
505 1.5223698891932145 591.3122850060463
506 1.491520517214667 591.3454784154892
507 1.461089521239046 591.3770258426666
508 1.4310760098160245 591.4030780792236
509 1.4013873256044462 591.4368100166321
510 1.3722515949630179 591.4682847857475
511 1.3433819784549996 591.4993122816086
512 1.3149295512703247 591.5303297042847
513 1.2869791715056635 591.5647051334381
514 1.2592672440805472 591.5950435996056
515 1.2320407079532743 591.6234107017517
516 1.2051448865095153 591.6512426733971
517 1.1786417965777218 591.6742721199989
518 1.15260567975929 591.7055391073227
519 1.1268049416248687 591.730485200882
520 1.1014755995711312 591.7657440900803
521 1.0764010676066391 591.7980930805206
522 1.0518004158511758 591.8261575698853
523 1.027550190454349 591.8580380678177
524 1.0035749653470702 591.8840419054031
525 0.9800822756951675 591.9194265604019
526 0.9569668163312599 591.9482417106628
527 0.9341435441747308 591.982282936573
528 0.9116107851150446 592.0166921615601
529 0.8895000418706331 592.0542540550232
530 0.8677164887776598 592.0890519618988
531 0.8462866435875185 592.1236061453819
532 0.8252179824048653 592.1517382860184
533 0.8044812392035965 592.1979973316193
534 0.7841797271685209 592.2289571762085
535 0.7641569878614973 592.2851747870445
