1 54033.921018600464 14672.804168701172
2 36450.75954055786 11492.199054718018
3 28735.086179733276 9284.640529632568
4 23324.017499923706 7712.399345397949
5 19562.42128276825 6622.000255584717
6 17055.32463979721 5899.188215255737
7 15483.647896766663 5447.683618545532
8 14575.079998493195 5185.414747238159
9 14101.808737277985 5045.218200683594
10 13885.609758853912 4976.45973777771
11 13801.646437644958 4945.222410202026
12 13774.895380020142 4931.807998657227
13 13768.210702419281 4926.29079246521
14 13767.004895687103 4924.15114402771
15 13766.902774095535 4923.394889831543
16 13766.946643829346 4923.151782989502
17 13766.997017383575 4923.070672988892
18 13767.044553041458 4923.03186416626
19 13767.090553045273 4923.004539489746
20 13767.134314060211 4922.982410430908
21 13767.174453258514 4922.964334487915
22 13767.20948934555 4922.950197219849
23 13767.238044261932 4922.938631057739
24 13767.256416082382 4922.9269008636475
25 13771.079307317734 4922.790502548218
26 13757.568603515625 4831.117795944214
27 11528.402966022491 3925.5983142852783
28 9886.788350820541 3486.2890338897705
29 7292.331328868866 2167.980155944824
30 4687.359441161156 1648.2937049865723
31 3599.20681014657 1348.0492596626282
32 2892.5716853141785 1165.4413022994995
33 2413.307135105133 1036.5368785858154
34 2057.1744076013565 923.5745620727539
35 1771.401179432869 843.7611339092255
36 1567.4747685194016 781.4679899215698
37 1414.2003667354584 736.4511253833771
38 1297.30100107193 701.14750623703
39 1209.8742720484734 679.8064467906952
40 1143.0426255464554 664.4434657096863
41 1090.26943475008 654.8547616004944
42 1043.8928498029709 648.0548765659332
43 1002.6632463335991 644.9810481071472
44 969.2070588469505 643.9444947242737
45 941.0425934791565 644.4574801921844
46 916.6817333698273 646.224800825119
47 895.0563505887985 649.2653884887695
48 875.3319697976112 653.0767230987549
49 857.0023821890354 657.5457088947296
50 839.6194061934948 662.5075824260712
51 822.9787726998329 667.7356109619141
52 806.9929282069206 673.0653142929077
53 791.5885700285435 678.4487771987915
54 776.693805783987 683.8780615329742
55 762.2461146712303 689.3263094425201
56 748.1927636563778 694.7739133834839
57 734.4930979907513 700.1852920055389
58 721.1080313324928 705.4527976512909
59 708.0473523437977 710.5269010066986
60 695.3610396385193 715.4909627437592
61 683.0279068946838 720.4122016429901
62 670.998717725277 725.316409111023
63 659.2387474477291 730.1925501823425
64 647.7249855995178 734.9490280151367
65 636.4337967038155 739.405383348465
66 625.3484062254429 743.3608107566833
67 614.468075811863 746.6988756656647
68 603.7867951095104 749.6624388694763
69 593.299434453249 752.9076716899872
70 583.0054617524147 756.6030330657959
71 572.88257843256 760.1901369094849
72 562.9099710583687 763.3152852058411
73 553.1312075853348 765.9187450408936
74 543.4842320978642 769.1427419185638
75 534.1163109242916 774.190182685852
76 524.9013853371143 778.6355438232422
77 515.5388323664665 781.7714967727661
78 506.5434491932392 784.0396876335144
79 497.7200100719929 789.2544202804565
80 490.5869167894125 795.3059072494507
81 481.53042601048946 795.0764517784119
82 473.08555226027966 792.9944367408752
83 463.9739522188902 800.0917890071869
84 455.7045857012272 801.4722394943237
85 447.3157658278942 804.2028205394745
86 439.21027383208275 805.8735256195068
87 431.4689693450928 808.6688950061798
88 423.6546663492918 809.9077854156494
89 415.90552048385143 811.1384024620056
90 408.25880497694016 812.1672081947327
91 400.72610807418823 813.2396814823151
92 393.2938975095749 815.2818942070007
93 386.0145152211189 817.1687588691711
94 378.7541239410639 817.2962682247162
95 371.6560102403164 817.4455554485321
96 364.7429491132498 817.9395024776459
97 358.58152574300766 821.300044298172
98 352.33940447866917 826.2304801940918
99 345.8830810934305 822.9897022247314
100 340.481790214777 818.8850338459015
101 334.69238314032555 822.4872205257416
102 330.2021182626486 824.7998604774475
103 324.97117821872234 822.0994136333466
104 319.7785966992378 818.9550433158875
105 315.330104380846 818.9510750770569
106 312.58512219786644 816.8252789974213
107 309.85871537029743 812.1900160312653
108 308.8317960500717 808.1322665214539
109 310.53705374896526 798.9588396549225
110 314.83757638931274 792.0799026489258
111 326.75806744396687 791.3022675514221
112 347.15876376628876 814.8403339385986
113 375.542695492506 818.8660991191864
114 376.78815507888794 786.2483744621277
115 358.6116689443588 775.0462384223938
116 337.51211945712566 775.6170439720154
117 318.4634867757559 780.172521352768
118 302.5209895372391 785.4989006519318
119 289.0416460931301 790.4622540473938
120 277.4245382845402 795.0999388694763
121 267.23947040736675 799.42835521698
122 258.1570652574301 803.4874603748322
123 249.95027685165405 807.2590215206146
124 242.47253035008907 810.7929668426514
125 235.62816707789898 814.1974110603333
126 229.29326143860817 817.2053203582764
127 223.41360548138618 819.7509906291962
128 217.91963703930378 822.7259693145752
129 212.86129499971867 824.0117509365082
130 208.39619989693165 827.1217675209045
131 203.61173248291016 830.7093913555145
132 200.75312110036612 834.5583312511444
133 198.49457416683435 829.6414799690247
134 198.7785964757204 830.473952293396
135 196.53737791627645 828.2205004692078
136 197.29888761788607 830.3691484928131
137 199.63861034065485 823.890344619751
138 200.05867683887482 828.4774296283722
139 201.45912037789822 826.2586603164673
140 207.6556787341833 833.2114346027374
141 217.62045462429523 840.4134135246277
142 240.2911219894886 842.0597186088562
143 269.5784313082695 853.646568775177
144 278.4308192431927 874.9496228694916
145 263.62078008055687 882.3781843185425
146 244.18677432835102 881.5100085735321
147 225.4698807001114 878.1268446445465
148 208.75952982902527 877.4100959300995
149 194.84049707651138 877.3884704113007
150 182.56795099377632 876.3359084129333
151 172.19025041162968 875.6001930236816
152 163.33076971769333 875.4254970550537
153 155.82677252590656 875.2263679504395
154 149.40567456930876 875.8915166854858
155 143.71901215612888 876.7404775619507
156 138.74672154709697 878.0820474624634
157 134.2160230614245 883.3541703224182
158 130.4635947085917 887.6783609390259
159 127.2635652795434 888.6880295276642
160 126.78260110318661 903.9935307502747
161 126.65723553299904 902.6347208023071
162 127.580497443676 898.0482831001282
163 131.79306496679783 901.2613463401794
164 129.36680299043655 905.865846157074
165 129.14868829399347 915.3743381500244
166 126.64344339817762 929.0644421577454
167 126.95017494261265 927.5717935562134
168 130.41707671433687 928.4766335487366
169 138.41422899067402 935.7102313041687
170 151.04099210351706 961.16197681427
171 178.0337128341198 1008.3575053215027
172 216.31916449964046 973.006842136383
173 222.27364667505026 914.7713131904602
174 199.48373418301344 904.249710559845
175 173.76648921519518 906.5345582962036
176 152.9095253497362 910.073606967926
177 137.24918660521507 913.4028806686401
178 124.98760394752026 915.5357251167297
179 114.92172951996326 916.5847978591919
180 106.52225798368454 916.7777123451233
181 99.49905318021774 916.795316696167
182 93.60348898917437 916.6902823448181
183 88.5987579151988 916.5129199028015
184 84.2882388010621 916.630166053772
185 80.59397151693702 916.4786858558655
186 77.39368855208158 916.4982805252075
187 74.82155752927065 913.3328394889832
188 74.4481156244874 925.9606204032898
189 81.8850597590208 924.9496927261353
190 92.98153587430716 896.8559789657593
191 92.29479363933206 909.8148617744446
192 88.47917149215937 901.9452056884766
193 84.88430102914572 900.095769405365
194 83.45700287818909 898.2019739151001
195 82.98780435323715 889.6409163475037
196 909.4191910028458 634.3669693470001
197 897.6713137626648 632.79026055336
198 892.4612790942192 631.5718450546265
199 889.0488965511322 630.4834642410278
200 886.4239544272423 629.6098718643188
201 884.2524108290672 628.9530894756317
202 882.3834018111229 628.4793298244476
203 880.7342404127121 628.1505086421967
204 879.2540246248245 627.9336922168732
205 877.9083434343338 627.8023166656494
206 876.6725106239319 627.7356486320496
207 875.528067111969 627.7179210186005
208 874.4607088565826 627.7365019321442
209 873.4590475559235 627.7818660736084
210 872.5138228535652 627.8470528125763
211 871.6174722909927 627.9264137744904
212 870.7635629177094 628.0158796310425
213 869.946679353714 628.1123399734497
214 869.1621933579445 628.213742017746
215 868.4062895774841 628.3182609081268
216 867.6756347417831 628.4245049953461
217 866.96738499403 628.5314598083496
218 866.2791463136673 628.6384229660034
219 865.6087797880173 628.7447776794434
220 864.954584300518 628.8499300479889
221 864.3150541782379 628.9536745548248
222 863.6889060139656 629.0557067394257
223 863.0750255584717 629.1556010246277
224 878.8346420228481 626.2111885547638
225 872.4469276666641 627.0743417739868
226 866.9482605755329 627.7782111167908
227 962.597153544426 639.69775557518
228 933.1484811007977 642.1050992012024
229 906.693560898304 645.9418976306915
