1 53641.12902069092 14976.751274108887
2 37442.83542442322 11822.19945526123
3 29627.28009223938 9557.372371673584
4 24024.387018203735 7922.05419921875
5 20078.649313926697 6774.234355926514
6 17411.878560066223 6002.860424041748
7 15711.162996292114 5513.089429855347
8 14706.506134986877 5223.09948348999
9 14168.71202468872 5064.760995864868
10 13914.514246940613 4985.4372215271
11 13811.550711631775 4948.736133575439
12 13777.018087863922 4932.747200012207
13 13767.825138568878 4926.055400848389
14 13766.017172813416 4923.359357833862
15 13765.823104381561 4922.313970565796
16 13765.87137889862 4921.8928565979
17 13765.937689304352 4921.6735553741455
18 13766.00262260437 4921.508962631226
19 13766.066505432129 4921.361904144287
20 13766.128526210785 4921.228227615356
21 13766.187039375305 4921.1103515625
22 13766.23977804184 4921.0109004974365
23 13766.285696029663 4920.930065155029
24 13766.324097633362 4920.866344451904
25 13766.355260372162 4920.817617416382
26 13766.379828453064 4920.780424118042
27 13766.398784637451 4920.753023147583
28 13766.413218975067 4920.732810974121
29 13766.42406463623 4920.717523574829
30 13766.432179450989 4920.706506729126
31 13766.438412189484 4920.697895050049
32 13766.442942619324 4920.691440582275
33 13766.446055412292 4920.686485290527
34 13766.437531471252 4920.675699234009
35 12940.52728176117 4252.73394203186
36 10623.74491071701 3733.006621360779
37 9139.419317245483 3221.804232597351
38 7525.846611499786 2382.2508726119995
39 4657.213985919952 1547.3686256408691
40 3421.0270841121674 1295.5799798965454
41 2754.546769618988 1089.8376750946045
42 2290.3024497032166 964.5821695327759
43 1952.6886953115463 894.0000936985016
44 1720.2971769571304 837.8285202980042
45 1553.8700060248375 806.2489795684814
46 1422.2572269439697 789.9370150566101
47 1315.6352314949036 777.4645485877991
48 1233.7721076607704 766.830108165741
49 1167.7191706895828 750.471028804779
50 1111.6561700701714 739.8166217803955
51 1064.1598153114319 732.8305976390839
52 1022.8596880435944 725.546694278717
53 986.3863608837128 719.5942342281342
54 953.5164473056793 716.7233312129974
55 924.7643433213234 713.174507856369
56 898.7751930356026 712.5409376621246
57 874.5768183469772 714.801775932312
58 852.1069608330727 718.3829443454742
59 830.8579889833927 721.8943393230438
60 810.7568438947201 729.5451109409332
61 791.4567580223083 733.9214611053467
62 772.6675391793251 743.1037352085114
63 755.1243420243263 752.3021965026855
64 738.384429782629 761.7188529968262
65 722.6166780591011 764.186714887619
66 706.4745362699032 769.2059514522552
67 691.7705234885216 766.1611332893372
68 676.2091988623142 767.1408987045288
69 663.0133525133133 769.7230331897736
70 650.0884250700474 770.1600410938263
71 638.6862786412239 763.800154209137
72 627.1955065131187 766.5419104099274
73 618.1048176288605 760.4779214859009
74 611.9195467233658 769.7300758361816
75 609.8508452773094 768.8461620807648
76 606.8761519789696 768.2704334259033
77 602.5119715631008 776.2582311630249
78 588.7816992998123 766.5615372657776
79 574.0319167375565 766.655743598938
80 558.1998109519482 778.5652482509613
81 541.3364081382751 775.8775174617767
82 525.8429320156574 776.6030852794647
83 512.8348037004471 780.9661908149719
84 497.18226021528244 792.0353446006775
85 483.36767745018005 781.9528098106384
86 473.15514463186264 785.8822574615479
87 461.3519211411476 777.0882155895233
88 454.94332176446915 791.612738609314
89 443.71791648864746 773.7220468521118
90 436.35550156235695 759.0914037227631
91 913.3360968828201 632.0320451259613
92 873.1535646915436 637.4683222770691
93 846.856424331665 641.2821729183197
94 826.159420132637 644.7775077819824
95 806.9940754771233 648.4858586788177
96 788.986191213131 653.0923585891724
97 771.4458163380623 658.375904083252
98 754.4642460495234 664.3479678630829
99 737.6751312464476 669.3345792293549
100 720.7422290742397 673.6605355739594
101 703.4958599507809 676.956610918045
102 686.5058956742287 680.8936955928802
103 670.3133886307478 686.3266234397888
104 654.1692555993795 693.5930807590485
105 638.7703500241041 700.3037097454071
106 623.6726996898651 704.9479565620422
107 608.9067082703114 708.330894947052
108 596.1976418495178 709.9490258693695
109 582.8425318300724 709.2084126472473
110 570.080988869071 704.9828898906708
111 558.0856039524078 707.1721882820129
112 549.9375766217709 709.5791897773743
113 542.9373099505901 711.1655805110931
114 535.0588066279888 717.4075446128845
115 533.3579157292843 730.6297481060028
116 539.4916129857302 753.266966342926
117 519.8453975617886 749.7191534042358
118 505.99726688861847 738.2072863578796
119 488.0204171836376 731.2261085510254
120 475.7567764520645 723.0937118530273
121 456.1244475543499 721.3784058094025
122 441.820724517107 727.5821483135223
123 428.07289342582226 729.2329914569855
124 415.6891562193632 730.6161112785339
125 404.0745891034603 743.035875082016
126 393.3046009391546 735.8617734909058
127 387.95641884952784 735.6721749305725
128 377.5001385062933 735.7055902481079
129 367.12628231942654 749.9474847316742
130 362.67216116935015 753.9787354469299
131 352.75895623862743 758.7664279937744
132 350.83102448284626 764.3977601528168
133 346.33355554938316 781.8989543914795
134 341.1009695082903 810.9545245170593
135 341.0924016684294 816.4118444919586
136 358.0742735862732 827.974949836731
137 357.8041963279247 820.3993608951569
138 349.44736617803574 820.6643180847168
139 346.06912714242935 803.0331892967224
140 337.1352270245552 819.1612050533295
141 326.821664839983 808.622673034668
142 312.1917134076357 817.1559581756592
143 294.14105431735516 812.171151638031
144 287.0231890901923 808.0399780273438
145 281.3448564261198 805.3084387779236
146 272.81809175014496 815.4514906406403
147 269.4411082416773 817.8546743392944
148 268.9833177179098 820.1121377944946
149 264.3265055269003 817.6489105224609
150 259.0032527297735 801.2868468761444
151 250.5322755649686 813.2348792552948
152 245.24110367894173 795.2498116493225
153 242.3711560368538 805.1382558345795
154 244.22670598328114 798.8445906639099
155 245.64393410086632 795.6457314491272
156 239.29514254629612 812.126855134964
157 228.7917209714651 805.0927276611328
158 216.59544337540865 819.4547123908997
159 209.3030113428831 818.8311285972595
160 204.8410980924964 840.3189189434052
161 203.7101332694292 855.1631276607513
162 209.06382849812508 848.2497165203094
163 215.20336310565472 838.7544009685516
164 198.66695327311754 843.5379569530487
165 193.36424977332354 841.1960678100586
166 199.92079777270555 834.094696521759
167 203.4347697198391 843.2716352939606
168 203.6026572883129 859.3082456588745
169 202.10386350005865 865.8905839920044
170 203.77116887271404 887.3239326477051
171 205.51078660786152 889.9076256752014
172 202.51758880913258 880.2895607948303
173 195.36456305161119 869.4222803115845
174 185.683859474957 899.1091957092285
175 172.84022180736065 883.8770422935486
176 167.94937717169523 885.1075139045715
177 163.731303922832 884.0025520324707
178 160.5840017721057 872.8393235206604
179 155.6439035087824 863.2509899139404
180 155.11057645827532 867.9485077857971
181 158.25567434728146 860.7115740776062
182 161.74428488314152 860.0693740844727
183 156.72726434469223 866.8569886684418
184 155.51827056333423 876.7981431484222
185 157.11916541308165 880.6749167442322
186 156.08065976947546 898.5720973014832
187 153.37495369836688 924.1052241325378
188 155.1922998279333 966.4775919914246
189 153.46876902878284 988.7330074310303
190 161.13209034502506 1009.6824536323547
191 160.01314283907413 973.8888883590698
192 157.03687988221645 928.4683427810669
193 149.1853546500206 892.2451720237732
194 141.38333067297935 862.5779576301575
195 134.36041238904 856.6163663864136
196 125.1023784801364 843.664957523346
197 119.5053758174181 851.4924948215485
198 124.28416445106268 844.7058293819427
199 111.94715241342783 844.5864510536194
200 111.95694061741233 832.7488219738007
201 111.65778519399464 838.832070350647
202 111.51441457867622 854.9294469356537
203 105.73629758507013 853.3813529014587
204 103.66473152115941 859.3327507972717
205 108.62416978925467 842.0386116504669
206 111.23615445196629 871.8581027984619
207 107.20710977911949 863.4862475395203
208 109.16886805742979 890.0139145851135
209 103.92337991669774 880.0452980995178
210 102.44932208769023 893.7292222976685
211 105.81686554290354 880.8018455505371
212 104.36059232801199 892.1039342880249
213 97.59433315508068 888.0714662075043
214 99.21426727063954 881.9857664108276
215 101.65882936120033 865.047182559967
216 109.27798041701317 873.0813431739807
217 111.83889458328485 866.5643293857574
218 108.60018821060658 874.5328822135925
219 115.05316780507565 861.9062623977661
220 104.58269750326872 849.7347087860107
221 101.50426223129034 846.1899621486664
222 103.28682462871075 850.6029984951019
223 98.54075403511524 863.2774434089661
224 101.48735316097736 878.7205595970154
225 100.3152414932847 891.4066588878632
226 101.8050904944539 892.4494171142578
227 95.72798182629049 905.085789680481
228 88.85911526530981 911.0331287384033
229 87.20296098291874 919.3116698265076
230 80.81474651396275 903.5938725471497
231 74.71150608919561 898.3691849708557
232 70.87529863417149 890.0271627902985
233 67.19420091062784 883.2258548736572
234 73.76499474421144 879.4910187721252
235 74.64309790730476 864.9638726711273
236 75.70524245500565 853.1429393291473
237 68.20827949047089 844.004861831665
238 63.4211561512202 852.7327058315277
239 66.75639603473246 846.672632932663
240 68.06338174641132 840.4215090274811
241 882.4029084444046 684.2446517944336
242 851.6600816547871 689.5014925003052
243 826.5165843367577 697.7678995132446
244 807.021496295929 636.4452993869781
245 788.4572699069977 637.2129094600677
246 781.2848786711693 638.1343116760254
247 832.1163954734802 643.7944376468658
248 805.8650184869766 642.8158557415009
249 799.0219113826752 641.5754721164703
250 794.7500823140144 641.0680367946625
251 791.584978222847 640.9502832889557
252 789.0516703724861 641.0149576663971
253 2168.83329474926 653.4616305828094
254 1345.790924191475 634.8528723716736
255 1194.1616698503494 636.4703056812286
256 1094.5127915143967 643.9132483005524
257 1026.6173360943794 640.4352369308472
